version 3
run General-0-20250530-22:45:04-8814
attr configname General
attr datetime 20250530-22:45:04
attr datetimef 20250530-224504
attr experiment General
attr inifile omnetpp.ini
attr iterationvars ""
attr iterationvarsd ""
attr iterationvarsf ""
attr measurement ""
attr network Network
attr processid 8814
attr repetition 0
attr replication #0
attr resultdir results
attr runnumber 0
attr seedset 0
config network Network
config sim-time-limit 200s
config Network.node[0].app.interArrivalTime exponential(7)
config Network.node[0].app.packetByteSize 125000
config Network.node[0].app.destination 5
config Network.node[1].app.interArrivalTime exponential(7)
config Network.node[1].app.packetByteSize 125000
config Network.node[1].app.destination 5
config Network.node[2].app.interArrivalTime exponential(7)
config Network.node[2].app.packetByteSize 125000
config Network.node[2].app.destination 5
config Network.node[3].app.interArrivalTime exponential(7)
config Network.node[3].app.packetByteSize 125000
config Network.node[3].app.destination 5
config Network.node[4].app.interArrivalTime exponential(7)
config Network.node[4].app.packetByteSize 125000
config Network.node[4].app.destination 5
config Network.node[6].app.interArrivalTime exponential(7)
config Network.node[6].app.packetByteSize 125000
config Network.node[6].app.destination 5
config Network.node[7].app.interArrivalTime exponential(7)
config Network.node[7].app.packetByteSize 125000
config Network.node[7].app.destination 5

vector 0 Network.node[7].app SendedPackets ETV
vector 1 Network.node[7].net ResendedPackets ETV
vector 2 Network.node[7].lnk[0] "Buffer Size" ETV
vector 3 Network.node[6].app SendedPackets ETV
vector 4 Network.node[6].net ResendedPackets ETV
vector 5 Network.node[6].lnk[0] "Buffer Size" ETV
vector 6 Network.node[5].app Delay ETV
vector 7 Network.node[5].app Hops ETV
vector 8 Network.node[5].app ReceivedPackets ETV
vector 9 Network.node[0].app SendedPackets ETV
vector 10 Network.node[0].net ResendedPackets ETV
vector 11 Network.node[0].lnk[0] "Buffer Size" ETV
vector 12 Network.node[4].app SendedPackets ETV
vector 13 Network.node[4].net ResendedPackets ETV
vector 14 Network.node[4].lnk[0] "Buffer Size" ETV
vector 15 Network.node[3].net ResendedPackets ETV
vector 16 Network.node[3].lnk[0] "Buffer Size" ETV
vector 17 Network.node[2].net ResendedPackets ETV
vector 18 Network.node[2].lnk[0] "Buffer Size" ETV
vector 19 Network.node[1].net ResendedPackets ETV
vector 20 Network.node[1].lnk[0] "Buffer Size" ETV
vector 21 Network.node[1].app SendedPackets ETV
vector 22 Network.node[3].app SendedPackets ETV
vector 23 Network.node[2].app SendedPackets ETV
0	1	2.472113973963	1
0	211	18.036784928217	1
0	629	36.22456352916	1
0	787	47.522578053408	1
0	912	53.628826418703	1
0	1037	58.793617460994	1
0	1136	63.057194423276	1
0	1283	69.786860996736	1
0	1472	77.802833679636	1
0	1603	85.495220952493	1
0	1645	87.148667895072	1
0	1716	89.801401645051	1
0	1796	92.55318954618	1
0	2606	123.734667469412	1
0	2895	136.473399904403	1
0	2968	141.461485057736	1
0	3119	150.871201962802	1
0	3313	159.039316648642	1
0	3420	164.891999372434	1
0	3533	169.870734932954	1
0	3670	175.876004420474	1
0	3690	176.865319415399	1
0	3776	184.157783994655	1
0	3819	186.310408060992	1
0	3980	191.943989859602	1
0	4037	194.147041485584	1
0	4087	196.529468653231	1
0	4141	198.531615460787	1
1	2	2.472113973963	1
1	38	7.290022719388	1
1	66	9.518515705281	1
1	99	11.839544984754	1
1	142	14.064640143037	1
1	160	15.064640143037	1
1	178	16.064640143037	1
1	196	17.064640143037	1
1	212	18.036784928217	1
1	217	18.064640143037	1
1	247	19.333358936227	1
1	308	21.730326349967	1
1	338	22.730326349967	1
1	364	23.730326349967	1
1	424	25.222430413078	1
1	448	26.222430413078	1
1	474	27.222430413078	1
1	499	28.222430413078	1
1	521	29.222430413078	1
1	544	30.222430413078	1
1	565	31.222430413078	1
1	582	32.222430413078	1
1	595	33.222430413078	1
1	630	36.22456352916	1
1	668	38.446404427518	1
1	696	40.743365615666	1
1	727	42.938368636265	1
1	776	46.820963482617	1
1	788	47.522578053408	1
1	801	47.820963482617	1
1	826	48.820963482617	1
1	848	49.820963482617	1
1	865	50.820963482617	1
1	885	51.980042515097	1
1	913	53.628826418703	1
1	953	55.222447445624	1
1	976	56.222447445624	1
1	999	57.222447445624	1
1	1024	58.222447445624	1
1	1038	58.793617460994	1
1	1053	59.222447445624	1
1	1084	60.351919844358	1
1	1108	61.351919844358	1
1	1130	62.351919844358	1
1	1137	63.057194423276	1
1	1145	63.351919844358	1
1	1161	64.351919844358	1
1	1189	65.351919844358	1
1	1214	66.351919844358	1
1	1237	67.351919844358	1
1	1256	68.351919844358	1
1	1272	69.351919844358	1
1	1284	69.786860996736	1
1	1295	70.351919844358	1
1	1316	71.351919844358	1
1	1341	72.351919844358	1
1	1370	73.475382675992	1
1	1397	74.475382675992	1
1	1418	75.475382675992	1
1	1435	76.475382675992	1
1	1458	77.475382675992	1
1	1473	77.802833679636	1
1	1481	78.475382675992	1
1	1519	79.505117638723	1
1	1536	80.505117638723	1
1	1553	81.505117638723	1
1	1565	82.505117638723	1
1	1581	83.689351133312	1
1	1604	85.495220952493	1
1	1646	87.148667895072	1
1	1666	88.067134450766	1
1	1714	89.777776295491	1
1	1717	89.801401645051	1
1	1752	91.089758757616	1
1	1773	92.089758757616	1
1	1797	92.55318954618	1
1	1801	93.089758757616	1
1	1821	94.089758757616	1
1	1844	95.089758757616	1
1	1868	96.089758757616	1
1	1897	97.089758757616	1
1	1926	98.089758757616	1
1	1947	99.089758757616	1
1	1970	100.089758757616	1
1	1986	101.089758757616	1
1	2002	102.089758757616	1
1	2022	103.089758757616	1
1	2048	104.089758757616	1
1	2078	105.173349043596	1
1	2121	107.027070045865	1
1	2168	108.787973114507	1
1	2201	109.787973114507	1
1	2234	110.787973114507	1
1	2266	111.787973114507	1
1	2296	112.787973114507	1
1	2326	113.787973114507	1
1	2352	114.787973114507	1
1	2380	115.787973114507	1
1	2410	116.787973114507	1
1	2444	117.787973114507	1
1	2475	118.787973114507	1
1	2507	119.787973114507	1
1	2533	120.787973114507	1
1	2564	121.787973114507	1
1	2586	122.787973114507	1
1	2607	123.734667469412	1
1	2616	123.787973114507	1
1	2643	124.787973114507	1
1	2683	125.894432199603	1
1	2709	126.894432199603	1
1	2734	127.894432199603	1
1	2760	128.894432199603	1
1	2805	130.578195953439	1
1	2825	131.578195953439	1
1	2847	133.198939840474	1
1	2863	134.198939840474	1
1	2896	136.473399904403	1
1	2905	136.499956430657	1
1	2924	137.766735708926	1
1	2965	140.926312605428	1
1	2969	141.461485057736	1
1	3043	147.425662083738	1
1	3061	148.425662083738	1
1	3096	149.752533770484	1
1	3113	150.752533770484	1
1	3120	150.871201962802	1
1	3167	153.107163753331	1
1	3185	154.107163753331	1
1	3240	156.300557987013	1
1	3264	157.300557987013	1
1	3314	159.039316648642	1
1	3333	159.774032175479	1
1	3355	160.774032175479	1
1	3372	161.774032175479	1
1	3384	162.774032175479	1
1	3408	164.100226700454	1
1	3421	164.891999372434	1
1	3455	166.244886093101	1
1	3503	168.403789973786	1
1	3534	169.870734932954	1
1	3549	170.203208811883	1
1	3573	171.203208811883	1
1	3593	172.203208811883	1
1	3660	175.177179805937	1
1	3671	175.876004420474	1
1	3681	176.177179805937	1
1	3691	176.865319415399	1
1	3703	177.177179805937	1
1	3715	178.177179805937	1
1	3727	179.177179805937	1
1	3777	184.157783994655	1
1	3807	185.802866472624	1
1	3820	186.310408060992	1
1	3843	186.942447028767	1
1	3868	188.194445641807	1
1	3917	189.610898711778	1
1	3949	190.610898711778	1
1	3974	191.610898711778	1
1	3981	191.943989859602	1
1	4007	192.610898711778	1
1	4031	193.610898711778	1
1	4038	194.147041485584	1
1	4054	194.610898711778	1
1	4073	195.610898711778	1
1	4088	196.529468653231	1
1	4096	196.610898711778	1
1	4121	197.610898711778	1
1	4142	198.531615460787	1
1	4146	198.610898711778	1
1	4167	199.610898711778	1
2	3	2.472113973963	1
2	4	2.472113973963	0
2	39	7.290022719388	1
2	40	7.290022719388	0
2	67	9.518515705281	1
2	68	9.518515705281	0
2	100	11.839544984754	1
2	101	11.839544984754	0
2	143	14.064640143037	1
2	144	14.064640143037	0
2	161	15.064640143037	1
2	162	15.064640143037	0
2	179	16.064640143037	1
2	180	16.064640143037	0
2	197	17.064640143037	1
2	198	17.064640143037	0
2	213	18.036784928217	1
2	216	18.064640143037	0
2	218	18.064640143037	1
2	236	19.064640143037	0
2	248	19.333358936227	1
2	260	20.064640143037	0
2	309	21.730326349967	1
2	310	21.730326349967	0
2	339	22.730326349967	1
2	340	22.730326349967	0
2	365	23.730326349967	1
2	366	23.730326349967	0
2	425	25.222430413078	1
2	426	25.222430413078	0
2	449	26.222430413078	1
2	450	26.222430413078	0
2	475	27.222430413078	1
2	476	27.222430413078	0
2	500	28.222430413078	1
2	501	28.222430413078	0
2	522	29.222430413078	1
2	523	29.222430413078	0
2	545	30.222430413078	1
2	546	30.222430413078	0
2	566	31.222430413078	1
2	567	31.222430413078	0
2	583	32.222430413078	1
2	584	32.222430413078	0
2	596	33.222430413078	1
2	597	33.222430413078	0
2	631	36.22456352916	1
2	632	36.22456352916	0
2	669	38.446404427518	1
2	670	38.446404427518	0
2	697	40.743365615666	1
2	698	40.743365615666	0
2	728	42.938368636265	1
2	729	42.938368636265	0
2	777	46.820963482617	1
2	778	46.820963482617	0
2	789	47.522578053408	1
2	800	47.820963482617	0
2	802	47.820963482617	1
2	825	48.820963482617	0
2	827	48.820963482617	1
2	847	49.820963482617	0
2	849	49.820963482617	1
2	864	50.820963482617	0
2	866	50.820963482617	1
2	879	51.820963482617	0
2	886	51.980042515097	1
2	895	52.820963482617	0
2	914	53.628826418703	1
2	915	53.820963482617	0
2	954	55.222447445624	1
2	955	55.222447445624	0
2	977	56.222447445624	1
2	978	56.222447445624	0
2	1000	57.222447445624	1
2	1001	57.222447445624	0
2	1025	58.222447445624	1
2	1026	58.222447445624	0
2	1039	58.793617460994	1
2	1052	59.222447445624	0
2	1054	59.222447445624	1
2	1078	60.222447445624	0
2	1085	60.351919844358	1
2	1102	61.222447445624	0
2	1109	61.351919844358	1
2	1124	62.222447445624	0
2	1131	62.351919844358	1
2	1138	63.057194423276	2
2	1139	63.222447445624	1
2	1146	63.351919844358	2
2	1155	64.222447445624	1
2	1162	64.351919844358	2
2	1179	65.222447445624	1
2	1190	65.351919844358	2
2	1204	66.222447445624	1
2	1215	66.351919844358	2
2	1227	67.222447445624	1
2	1238	67.351919844358	2
2	1246	68.222447445624	1
2	1257	68.351919844358	2
2	1266	69.222447445624	1
2	1273	69.351919844358	2
2	1285	69.786860996736	3
2	1289	70.222447445624	2
2	1296	70.351919844358	3
2	1310	71.222447445624	2
2	1317	71.351919844358	3
2	1335	72.222447445624	2
2	1342	72.351919844358	3
2	1359	73.222447445624	2
2	1371	73.475382675992	3
2	1380	74.222447445624	2
2	1398	74.475382675992	3
2	1403	75.222447445624	2
2	1419	75.475382675992	3
2	1424	76.222447445624	2
2	1436	76.475382675992	3
2	1445	77.222447445624	2
2	1459	77.475382675992	3
2	1474	77.802833679636	4
2	1475	78.222447445624	3
2	1482	78.475382675992	4
2	1500	79.222447445624	3
2	1520	79.505117638723	4
2	1521	80.222447445624	3
2	1537	80.505117638723	4
2	1538	81.222447445624	3
2	1554	81.505117638723	4
2	1555	82.222447445624	3
2	1566	82.505117638723	4
2	1571	83.222447445624	3
2	1582	83.689351133312	4
2	1583	84.222447445624	3
2	1595	85.222447445624	2
2	1605	85.495220952493	3
2	1619	86.222447445624	2
2	1647	87.148667895072	3
2	1648	87.222447445624	2
2	1667	88.067134450766	3
2	1678	88.222447445624	2
2	1704	89.222447445624	1
2	1715	89.777776295491	2
2	1718	89.801401645051	3
2	1728	90.222447445624	2
2	1753	91.089758757616	3
2	1754	91.222447445624	2
2	1774	92.089758757616	3
2	1775	92.222447445624	2
2	1798	92.55318954618	3
2	1802	93.089758757616	4
2	1803	93.222447445624	3
2	1822	94.089758757616	4
2	1823	94.222447445624	3
2	1845	95.089758757616	4
2	1846	95.222447445624	3
2	1869	96.089758757616	4
2	1870	96.222447445624	3
2	1898	97.089758757616	4
2	1899	97.222447445624	3
2	1927	98.089758757616	4
2	1928	98.222447445624	3
2	1948	99.089758757616	4
2	1949	99.222447445624	3
2	1971	100.089758757616	4
2	1972	100.222447445624	3
2	1987	101.089758757616	4
2	1988	101.222447445624	3
2	2003	102.089758757616	4
2	2008	102.222447445624	3
2	2023	103.089758757616	4
2	2029	103.222447445624	3
2	2049	104.089758757616	4
2	2055	104.222447445624	3
2	2079	105.173349043596	4
2	2080	105.222447445624	3
2	2098	106.222447445624	2
2	2122	107.027070045865	3
2	2123	107.222447445624	2
2	2144	108.222447445624	1
2	2169	108.787973114507	2
2	2170	109.222447445624	1
2	2202	109.787973114507	2
2	2203	110.222447445624	1
2	2235	110.787973114507	2
2	2236	111.222447445624	1
2	2267	111.787973114507	2
2	2268	112.222447445624	1
2	2297	112.787973114507	2
2	2298	113.222447445624	1
2	2327	113.787973114507	2
2	2328	114.222447445624	1
2	2353	114.787973114507	2
2	2361	115.222447445624	1
2	2381	115.787973114507	2
2	2391	116.222447445624	1
2	2411	116.787973114507	2
2	2425	117.222447445624	1
2	2445	117.787973114507	2
2	2455	118.222447445624	1
2	2476	118.787973114507	2
2	2487	119.222447445624	1
2	2508	119.787973114507	2
2	2509	120.222447445624	1
2	2534	120.787973114507	2
2	2542	121.222447445624	1
2	2565	121.787973114507	2
2	2571	122.222447445624	1
2	2587	122.787973114507	2
2	2598	123.222447445624	1
2	2608	123.734667469412	2
2	2617	123.787973114507	3
2	2633	124.222447445624	2
2	2644	124.787973114507	3
2	2660	125.222447445624	2
2	2684	125.894432199603	3
2	2685	126.222447445624	2
2	2710	126.894432199603	3
2	2711	127.222447445624	2
2	2735	127.894432199603	3
2	2736	128.222447445624	2
2	2761	128.894432199603	3
2	2762	129.222447445624	2
2	2785	130.222447445624	1
2	2806	130.578195953439	2
2	2811	131.222447445624	1
2	2826	131.578195953439	2
2	2832	132.222447445624	1
2	2848	133.198939840474	2
2	2849	133.222447445624	1
2	2864	134.198939840474	2
2	2865	134.222447445624	1
2	2878	135.222447445624	0
2	2897	136.473399904403	1
2	2898	136.473399904403	0
2	2906	136.499956430657	1
2	2911	137.473399904403	0
2	2925	137.766735708926	1
2	2933	138.473399904403	0
2	2966	140.926312605428	1
2	2967	140.926312605428	0
2	2970	141.461485057736	1
2	2975	141.926312605428	0
2	3044	147.425662083738	1
2	3045	147.425662083738	0
2	3062	148.425662083738	1
2	3063	148.425662083738	0
2	3097	149.752533770484	1
2	3098	149.752533770484	0
2	3114	150.752533770484	1
2	3115	150.752533770484	0
2	3121	150.871201962802	1
2	3134	151.752533770484	0
2	3168	153.107163753331	1
2	3169	153.107163753331	0
2	3186	154.107163753331	1
2	3187	154.107163753331	0
2	3241	156.300557987013	1
2	3242	156.300557987013	0
2	3265	157.300557987013	1
2	3266	157.300557987013	0
2	3315	159.039316648642	1
2	3316	159.039316648642	0
2	3334	159.774032175479	1
2	3335	160.039316648642	0
2	3356	160.774032175479	1
2	3357	161.039316648642	0
2	3373	161.774032175479	1
2	3374	162.039316648642	0
2	3385	162.774032175479	1
2	3386	163.039316648642	0
2	3409	164.100226700454	1
2	3410	164.100226700454	0
2	3422	164.891999372434	1
2	3423	165.100226700454	0
2	3456	166.244886093101	1
2	3457	166.244886093101	0
2	3504	168.403789973786	1
2	3505	168.403789973786	0
2	3535	169.870734932954	1
2	3536	169.870734932954	0
2	3550	170.203208811883	1
2	3559	170.870734932954	0
2	3574	171.203208811883	1
2	3584	171.870734932954	0
2	3594	172.203208811883	1
2	3609	172.870734932954	0
2	3661	175.177179805937	1
2	3662	175.177179805937	0
2	3672	175.876004420474	1
2	3680	176.177179805937	0
2	3682	176.177179805937	1
2	3692	176.865319415399	2
2	3702	177.177179805937	1
2	3704	177.177179805937	2
2	3714	178.177179805937	1
2	3716	178.177179805937	2
2	3726	179.177179805937	1
2	3728	179.177179805937	2
2	3736	180.177179805937	1
2	3744	181.177179805937	0
2	3778	184.157783994655	1
2	3779	184.157783994655	0
2	3808	185.802866472624	1
2	3809	185.802866472624	0
2	3821	186.310408060992	1
2	3837	186.802866472624	0
2	3844	186.942447028767	1
2	3859	187.802866472624	0
2	3869	188.194445641807	1
2	3887	188.802866472624	0
2	3918	189.610898711778	1
2	3919	189.802866472624	0
2	3950	190.610898711778	1
2	3951	190.802866472624	0
2	3975	191.610898711778	1
2	3976	191.802866472624	0
2	3982	191.943989859602	1
2	4008	192.610898711778	2
2	4009	192.802866472624	1
2	4032	193.610898711778	2
2	4033	193.802866472624	1
2	4039	194.147041485584	2
2	4055	194.610898711778	3
2	4056	194.802866472624	2
2	4074	195.610898711778	3
2	4075	195.802866472624	2
2	4089	196.529468653231	3
2	4097	196.610898711778	4
2	4098	196.802866472624	3
2	4122	197.610898711778	4
2	4123	197.802866472624	3
2	4143	198.531615460787	4
2	4147	198.610898711778	5
2	4148	198.802866472624	4
2	4168	199.610898711778	5
2	4169	199.802866472624	4
3	5	3.395897146052	1
3	13	3.804589829704	1
3	455	27.008975789202	1
3	484	28.067591764857	1
3	714	42.34979157045	1
3	783	47.494542518779	1
3	936	54.644565639223	1
3	1030	58.393525680818	1
3	1243	67.740556973185	1
3	1661	87.885962122129	1
3	1831	94.438393040529	1
3	2412	116.789019534904	1
3	2919	137.699348777868	1
3	2930	138.100637262834	1
3	2979	142.300265469321	1
3	2982	142.441596366344	1
3	2989	142.721430459752	1
3	3033	146.801579181821	1
3	3099	149.919515415259	1
3	3200	154.509039405804	1
3	3588	172.0364218874	1
3	3639	174.313804796103	1
3	3642	174.379610050752	1
3	3752	182.085531421388	1
3	4060	194.974508721797	1
4	6	3.395897146052	1
4	11	3.472213973963	1
4	14	3.804589829704	1
4	48	8.290122719388	1
4	80	10.518615705281	1
4	109	12.839644984754	1
4	164	15.064740143037	1
4	183	16.064740143037	1
4	201	17.064740143037	1
4	221	18.064740143037	1
4	239	19.064740143037	1
4	263	20.064740143037	1
4	282	21.064740143037	1
4	342	22.730426349967	1
4	369	23.730426349967	1
4	399	24.730426349967	1
4	452	26.222530413078	1
4	456	27.008975789202	1
4	479	27.222530413078	1
4	485	28.067591764857	1
4	504	28.222530413078	1
4	526	29.222530413078	1
4	549	30.222530413078	1
4	570	31.222530413078	1
4	587	32.222530413078	1
4	600	33.222530413078	1
4	608	34.222530413078	1
4	649	37.22466352916	1
4	678	39.446504427518	1
4	706	41.743465615666	1
4	715	42.34979157045	1
4	741	43.938468636265	1
4	784	47.494542518779	1
4	804	47.821063482617	1
4	829	48.821063482617	1
4	851	49.821063482617	1
4	868	50.821063482617	1
4	881	51.821063482617	1
4	897	52.821063482617	1
4	917	53.821063482617	1
4	937	54.644565639223	1
4	941	54.821063482617	1
4	980	56.222547445624	1
4	1003	57.222547445624	1
4	1028	58.222547445624	1
4	1031	58.393525680818	1
4	1056	59.222547445624	1
4	1080	60.222547445624	1
4	1104	61.222547445624	1
4	1126	62.222547445624	1
4	1141	63.222547445624	1
4	1157	64.222547445624	1
4	1181	65.222547445624	1
4	1206	66.222547445624	1
4	1229	67.222547445624	1
4	1244	67.740556973185	1
4	1248	68.222547445624	1
4	1268	69.222547445624	1
4	1291	70.222547445624	1
4	1312	71.222547445624	1
4	1337	72.222547445624	1
4	1361	73.222547445624	1
4	1382	74.222547445624	1
4	1405	75.222547445624	1
4	1426	76.222547445624	1
4	1447	77.222547445624	1
4	1477	78.222547445624	1
4	1502	79.222547445624	1
4	1523	80.222547445624	1
4	1540	81.222547445624	1
4	1557	82.222547445624	1
4	1573	83.222547445624	1
4	1585	84.222547445624	1
4	1597	85.222547445624	1
4	1621	86.222547445624	1
4	1650	87.222547445624	1
4	1662	87.885962122129	1
4	1680	88.222547445624	1
4	1706	89.222547445624	1
4	1730	90.222547445624	1
4	1756	91.222547445624	1
4	1777	92.222547445624	1
4	1805	93.222547445624	1
4	1825	94.222547445624	1
4	1832	94.438393040529	1
4	1848	95.222547445624	1
4	1872	96.222547445624	1
4	1901	97.222547445624	1
4	1930	98.222547445624	1
4	1951	99.222547445624	1
4	1974	100.222547445624	1
4	1990	101.222547445624	1
4	2010	102.222547445624	1
4	2031	103.222547445624	1
4	2057	104.222547445624	1
4	2082	105.222547445624	1
4	2100	106.222547445624	1
4	2125	107.222547445624	1
4	2146	108.222547445624	1
4	2172	109.222547445624	1
4	2205	110.222547445624	1
4	2238	111.222547445624	1
4	2270	112.222547445624	1
4	2300	113.222547445624	1
4	2330	114.222547445624	1
4	2363	115.222547445624	1
4	2393	116.222547445624	1
4	2413	116.789019534904	1
4	2427	117.222547445624	1
4	2457	118.222547445624	1
4	2489	119.222547445624	1
4	2511	120.222547445624	1
4	2544	121.222547445624	1
4	2573	122.222547445624	1
4	2600	123.222547445624	1
4	2635	124.222547445624	1
4	2662	125.222547445624	1
4	2687	126.222547445624	1
4	2713	127.222547445624	1
4	2738	128.222547445624	1
4	2764	129.222547445624	1
4	2787	130.222547445624	1
4	2813	131.222547445624	1
4	2834	132.222547445624	1
4	2851	133.222547445624	1
4	2867	134.222547445624	1
4	2880	135.222547445624	1
4	2893	136.222547445624	1
4	2913	137.473499904403	1
4	2920	137.699348777868	1
4	2931	138.100637262834	1
4	2935	138.473499904403	1
4	2948	139.473499904403	1
4	2977	141.926412605428	1
4	2980	142.300265469321	1
4	2983	142.441596366344	1
4	2990	142.721430459752	1
4	2994	142.926412605428	1
4	3034	146.801579181821	1
4	3065	148.425762083738	1
4	3083	149.425762083738	1
4	3100	149.919515415259	1
4	3117	150.752633770484	1
4	3136	151.752633770484	1
4	3158	152.752633770484	1
4	3189	154.107263753331	1
4	3201	154.509039405804	1
4	3209	155.107263753331	1
4	3268	157.300657987013	1
4	3293	158.300657987013	1
4	3337	160.039416648642	1
4	3359	161.039416648642	1
4	3376	162.039416648642	1
4	3388	163.039416648642	1
4	3404	164.039416648642	1
4	3425	165.100326700454	1
4	3446	166.100326700454	1
4	3477	167.244986093101	1
4	3527	169.403889973786	1
4	3561	170.870834932954	1
4	3586	171.870834932954	1
4	3589	172.0364218874	1
4	3611	172.870834932954	1
4	3632	173.870834932954	1
4	3640	174.313804796103	1
4	3643	174.379610050752	1
4	3684	176.177279805937	1
4	3706	177.177279805937	1
4	3718	178.177279805937	1
4	3730	179.177279805937	1
4	3738	180.177279805937	1
4	3746	181.177279805937	1
4	3753	182.085531421388	1
4	3757	182.177279805937	1
4	3791	185.157883994655	1
4	3839	186.802966472624	1
4	3861	187.802966472624	1
4	3889	188.802966472624	1
4	3921	189.802966472624	1
4	3953	190.802966472624	1
4	3978	191.802966472624	1
4	4011	192.802966472624	1
4	4035	193.802966472624	1
4	4058	194.802966472624	1
4	4061	194.974508721797	1
4	4077	195.802966472624	1
4	4100	196.802966472624	1
4	4125	197.802966472624	1
4	4150	198.802966472624	1
4	4171	199.802966472624	1
5	7	3.395897146052	1
5	8	3.395897146052	0
5	12	3.472213973963	1
5	15	3.804589829704	2
5	16	4.395897146052	1
5	20	5.395897146052	0
5	49	8.290122719388	1
5	50	8.290122719388	0
5	81	10.518615705281	1
5	82	10.518615705281	0
5	110	12.839644984754	1
5	111	12.839644984754	0
5	165	15.064740143037	1
5	166	15.064740143037	0
5	184	16.064740143037	1
5	185	16.064740143037	0
5	202	17.064740143037	1
5	203	17.064740143037	0
5	222	18.064740143037	1
5	223	18.064740143037	0
5	240	19.064740143037	1
5	241	19.064740143037	0
5	264	20.064740143037	1
5	265	20.064740143037	0
5	283	21.064740143037	1
5	284	21.064740143037	0
5	343	22.730426349967	1
5	344	22.730426349967	0
5	370	23.730426349967	1
5	371	23.730426349967	0
5	400	24.730426349967	1
5	401	24.730426349967	0
5	453	26.222530413078	1
5	454	26.222530413078	0
5	457	27.008975789202	1
5	478	27.222530413078	0
5	480	27.222530413078	1
5	486	28.067591764857	2
5	503	28.222530413078	1
5	505	28.222530413078	2
5	525	29.222530413078	1
5	527	29.222530413078	2
5	548	30.222530413078	1
5	550	30.222530413078	2
5	569	31.222530413078	1
5	571	31.222530413078	2
5	586	32.222530413078	1
5	588	32.222530413078	2
5	599	33.222530413078	1
5	601	33.222530413078	2
5	607	34.222530413078	1
5	609	34.222530413078	2
5	613	35.222530413078	1
5	625	36.222530413078	0
5	650	37.22466352916	1
5	651	37.22466352916	0
5	679	39.446504427518	1
5	680	39.446504427518	0
5	707	41.743465615666	1
5	708	41.743465615666	0
5	716	42.34979157045	1
5	717	42.743465615666	0
5	742	43.938468636265	1
5	743	43.938468636265	0
5	785	47.494542518779	1
5	786	47.494542518779	0
5	805	47.821063482617	1
5	811	48.494542518779	0
5	830	48.821063482617	1
5	836	49.494542518779	0
5	852	49.821063482617	1
5	858	50.494542518779	0
5	869	50.821063482617	1
5	875	51.494542518779	0
5	882	51.821063482617	1
5	891	52.494542518779	0
5	898	52.821063482617	1
5	908	53.494542518779	0
5	918	53.821063482617	1
5	932	54.494542518779	0
5	938	54.644565639223	1
5	942	54.821063482617	2
5	960	55.494542518779	1
5	981	56.222547445624	2
5	982	56.494542518779	1
5	1004	57.222547445624	2
5	1005	57.494542518779	1
5	1029	58.222547445624	2
5	1032	58.393525680818	3
5	1033	58.494542518779	2
5	1057	59.222547445624	3
5	1065	59.494542518779	2
5	1081	60.222547445624	3
5	1086	60.494542518779	2
5	1105	61.222547445624	3
5	1110	61.494542518779	2
5	1127	62.222547445624	3
5	1132	62.494542518779	2
5	1142	63.222547445624	3
5	1151	63.494542518779	2
5	1158	64.222547445624	3
5	1168	64.494542518779	2
5	1182	65.222547445624	3
5	1195	65.494542518779	2
5	1207	66.222547445624	3
5	1216	66.494542518779	2
5	1230	67.222547445624	3
5	1239	67.494542518779	2
5	1245	67.740556973185	3
5	1249	68.222547445624	4
5	1262	68.494542518779	3
5	1269	69.222547445624	4
5	1279	69.494542518779	3
5	1292	70.222547445624	4
5	1302	70.494542518779	3
5	1313	71.222547445624	4
5	1323	71.494542518779	3
5	1338	72.222547445624	4
5	1351	72.494542518779	3
5	1362	73.222547445624	4
5	1372	73.494542518779	3
5	1383	74.222547445624	4
5	1399	74.494542518779	3
5	1406	75.222547445624	4
5	1420	75.494542518779	3
5	1427	76.222547445624	4
5	1437	76.494542518779	3
5	1448	77.222547445624	4
5	1460	77.494542518779	3
5	1478	78.222547445624	4
5	1483	78.494542518779	3
5	1503	79.222547445624	4
5	1504	79.494542518779	3
5	1524	80.222547445624	4
5	1525	80.494542518779	3
5	1541	81.222547445624	4
5	1542	81.494542518779	3
5	1558	82.222547445624	4
5	1559	82.494542518779	3
5	1574	83.222547445624	4
5	1575	83.494542518779	3
5	1586	84.222547445624	4
5	1587	84.494542518779	3
5	1598	85.222547445624	4
5	1599	85.494542518779	3
5	1622	86.222547445624	4
5	1623	86.494542518779	3
5	1651	87.222547445624	4
5	1652	87.494542518779	3
5	1663	87.885962122129	4
5	1681	88.222547445624	5
5	1682	88.494542518779	4
5	1707	89.222547445624	5
5	1708	89.494542518779	4
5	1731	90.222547445624	5
5	1735	90.494542518779	4
5	1757	91.222547445624	5
5	1758	91.494542518779	4
5	1778	92.222547445624	5
5	1783	92.494542518779	4
5	1806	93.222547445624	5
5	1811	93.494542518779	4
5	1826	94.222547445624	5
5	1833	94.438393040529	6
5	1834	94.494542518779	5
5	1849	95.222547445624	6
5	1854	95.494542518779	5
5	1873	96.222547445624	6
5	1877	96.494542518779	5
5	1902	97.222547445624	6
5	1903	97.494542518779	5
5	1931	98.222547445624	6
5	1932	98.494542518779	5
5	1952	99.222547445624	6
5	1960	99.494542518779	5
5	1975	100.222547445624	6
5	1980	100.494542518779	5
5	1991	101.222547445624	6
5	1996	101.494542518779	5
5	2011	102.222547445624	6
5	2012	102.494542518779	5
5	2032	103.222547445624	6
5	2033	103.494542518779	5
5	2058	104.222547445624	6
5	2059	104.494542518779	5
5	2083	105.222547445624	6
5	2084	105.494542518779	5
5	2101	106.222547445624	6
5	2102	106.494542518779	5
5	2126	107.222547445624	6
5	2127	107.494542518779	5
5	2147	108.222547445624	6
5	2152	108.494542518779	5
5	2173	109.222547445624	6
5	2181	109.494542518779	5
5	2206	110.222547445624	6
5	2207	110.494542518779	5
5	2239	111.222547445624	6
5	2243	111.494542518779	5
5	2271	112.222547445624	6
5	2276	112.494542518779	5
5	2301	113.222547445624	6
5	2306	113.494542518779	5
5	2331	114.222547445624	6
5	2332	114.494542518779	5
5	2364	115.222547445624	6
5	2365	115.494542518779	5
5	2394	116.222547445624	6
5	2395	116.494542518779	5
5	2414	116.789019534904	6
5	2428	117.222547445624	7
5	2429	117.494542518779	6
5	2458	118.222547445624	7
5	2459	118.494542518779	6
5	2490	119.222547445624	7
5	2491	119.494542518779	6
5	2512	120.222547445624	7
5	2513	120.494542518779	6
5	2545	121.222547445624	7
5	2546	121.494542518779	6
5	2574	122.222547445624	7
5	2575	122.494542518779	6
5	2601	123.222547445624	7
5	2602	123.494542518779	6
5	2636	124.222547445624	7
5	2637	124.494542518779	6
5	2663	125.222547445624	7
5	2664	125.494542518779	6
5	2688	126.222547445624	7
5	2689	126.494542518779	6
5	2714	127.222547445624	7
5	2718	127.494542518779	6
5	2739	128.222547445624	7
5	2740	128.494542518779	6
5	2765	129.222547445624	7
5	2766	129.494542518779	6
5	2788	130.222547445624	7
5	2789	130.494542518779	6
5	2814	131.222547445624	7
5	2815	131.494542518779	6
5	2835	132.222547445624	7
5	2836	132.494542518779	6
5	2852	133.222547445624	7
5	2853	133.494542518779	6
5	2868	134.222547445624	7
5	2869	134.494542518779	6
5	2881	135.222547445624	7
5	2882	135.494542518779	6
5	2894	136.222547445624	7
5	2899	136.494542518779	6
5	2914	137.473499904403	7
5	2915	137.494542518779	6
5	2921	137.699348777868	7
5	2932	138.100637262834	8
5	2936	138.473499904403	9
5	2937	138.494542518779	8
5	2949	139.473499904403	9
5	2950	139.494542518779	8
5	2959	140.494542518779	7
5	2971	141.494542518779	6
5	2978	141.926412605428	7
5	2981	142.300265469321	8
5	2984	142.441596366344	9
5	2985	142.494542518779	8
5	2991	142.721430459752	9
5	2995	142.926412605428	10
5	2996	143.494542518779	9
5	3004	144.494542518779	8
5	3013	145.494542518779	7
5	3025	146.494542518779	6
5	3035	146.801579181821	7
5	3046	147.494542518779	6
5	3066	148.425762083738	7
5	3067	148.494542518779	6
5	3084	149.425762083738	7
5	3085	149.494542518779	6
5	3101	149.919515415259	7
5	3106	150.494542518779	6
5	3118	150.752633770484	7
5	3130	151.494542518779	6
5	3137	151.752633770484	7
5	3152	152.494542518779	6
5	3159	152.752633770484	7
5	3175	153.494542518779	6
5	3190	154.107263753331	7
5	3196	154.494542518779	6
5	3202	154.509039405804	7
5	3210	155.107263753331	8
5	3224	155.494542518779	7
5	3243	156.494542518779	6
5	3269	157.300657987013	7
5	3273	157.494542518779	6
5	3294	158.300657987013	7
5	3295	158.494542518779	6
5	3317	159.494542518779	5
5	3338	160.039416648642	6
5	3339	160.494542518779	5
5	3360	161.039416648642	6
5	3361	161.494542518779	5
5	3377	162.039416648642	6
5	3378	162.494542518779	5
5	3389	163.039416648642	6
5	3398	163.494542518779	5
5	3405	164.039416648642	6
5	3416	164.494542518779	5
5	3426	165.100326700454	6
5	3440	165.494542518779	5
5	3447	166.100326700454	6
5	3463	166.494542518779	5
5	3478	167.244986093101	6
5	3484	167.494542518779	5
5	3506	168.494542518779	4
5	3528	169.403889973786	5
5	3529	169.494542518779	4
5	3555	170.494542518779	3
5	3562	170.870834932954	4
5	3580	171.494542518779	3
5	3587	171.870834932954	4
5	3590	172.0364218874	5
5	3605	172.494542518779	4
5	3612	172.870834932954	5
5	3626	173.494542518779	4
5	3633	173.870834932954	5
5	3641	174.313804796103	6
5	3644	174.379610050752	7
5	3649	174.494542518779	6
5	3663	175.494542518779	5
5	3685	176.177279805937	6
5	3686	176.494542518779	5
5	3707	177.177279805937	6
5	3708	177.494542518779	5
5	3719	178.177279805937	6
5	3720	178.494542518779	5
5	3731	179.177279805937	6
5	3732	179.494542518779	5
5	3739	180.177279805937	6
5	3740	180.494542518779	5
5	3747	181.177279805937	6
5	3748	181.494542518779	5
5	3754	182.085531421388	6
5	3758	182.177279805937	7
5	3759	182.494542518779	6
5	3767	183.494542518779	5
5	3780	184.494542518779	4
5	3792	185.157883994655	5
5	3797	185.494542518779	4
5	3822	186.494542518779	3
5	3840	186.802966472624	4
5	3850	187.494542518779	3
5	3862	187.802966472624	4
5	3870	188.494542518779	3
5	3890	188.802966472624	4
5	3898	189.494542518779	3
5	3922	189.802966472624	4
5	3930	190.494542518779	3
5	3954	190.802966472624	4
5	3959	191.494542518779	3
5	3979	191.802966472624	4
5	3993	192.494542518779	3
5	4012	192.802966472624	4
5	4017	193.494542518779	3
5	4036	193.802966472624	4
5	4040	194.494542518779	3
5	4059	194.802966472624	4
5	4062	194.974508721797	5
5	4063	195.494542518779	4
5	4078	195.802966472624	5
5	4083	196.494542518779	4
5	4101	196.802966472624	5
5	4111	197.494542518779	4
5	4126	197.802966472624	5
5	4137	198.494542518779	4
5	4151	198.802966472624	5
5	4161	199.494542518779	4
5	4172	199.802966472624	5
6	19	4.395997146052	1.0001
6	23	5.395997146052	2.923883172089
6	31	6.395997146052	2.591407316348
6	63	9.290222719388	3.0003
6	96	11.518715705281	3.0003
6	135	13.839744984754	7.0007
6	188	16.064840143037	3.0003
6	206	17.064840143037	4.047610658514
6	226	18.064840143037	7.840580423644
6	244	19.064840143037	5.404022791846
6	268	20.064840143037	2.02805521482
6	287	21.064840143037	7.912091763618
6	320	22.064840143037	3.73158120681
6	374	23.730526349967	6.0006
6	404	24.730526349967	5.193679028474
6	430	25.730526349967	5.677881540218
6	483	27.222630413078	6.0006
6	508	28.222630413078	1.213654623876
6	530	29.222630413078	6.288939629631
6	553	30.222630413078	2.155038648221
6	574	31.222630413078	6.49992252628
6	591	32.222630413078	11.016097870324
6	604	33.222630413078	11.377970687454
6	612	34.222630413078	12.234991568661
6	616	35.222630413078	10.020254607874
6	628	36.222630413078	5.230786626926
6	646	37.222630413078	8.688312441843
6	665	38.22476352916	2.0002
6	693	40.446604427518	5.0005
6	720	42.743565615666	7.0007
6	733	43.743565615666	1.393774045216
6	755	44.938568636265	5.0005
6	814	48.494642518779	1.0001
6	839	49.494642518779	6.674079036162
6	861	50.494642518779	2.972064465371
6	878	51.494642518779	7.224067665127
6	894	52.494642518779	5.72074513125
6	911	53.494642518779	5.839624265183
6	935	54.494642518779	5.756516501683
6	963	55.494642518779	8.515100003682
6	985	56.494642518779	1.850076879556
6	1008	57.494642518779	3.865816100076
6	1036	58.494642518779	6.272495073155
6	1068	59.494642518779	5.360673892412
6	1089	60.494642518779	5.577050767984
6	1113	61.494642518779	3.101116837961
6	1135	62.494642518779	9.058327218231
6	1154	63.494642518779	4.701025057785
6	1171	64.494642518779	6.586245648634
6	1198	65.494642518779	6.142822674421
6	1219	66.494642518779	10.588506088117
6	1242	67.494642518779	8.085187853766
6	1265	68.494642518779	5.437448095503
6	1282	69.494642518779	8.434483239265
6	1305	70.494642518779	12.437543623049
6	1326	71.494642518779	3.754085545594
6	1354	72.494642518779	10.41753704822
6	1375	73.494642518779	11.284757063812
6	1402	74.494642518779	9.542361389075
6	1423	75.494642518779	10.202844914481
6	1440	76.494642518779	9.782267864551
6	1463	77.494642518779	7.707781522043
6	1486	78.494642518779	15.108774457575
6	1507	79.494642518779	14.973819031453
6	1528	80.494642518779	10.362368519395
6	1545	81.494642518779	13.019759842787
6	1562	82.494642518779	10.486009072903
6	1578	83.494642518779	9.178145981666
6	1590	84.494642518779	13.344842291228
6	1602	85.494642518779	13.011551727245
6	1626	86.494642518779	8.691808839143
6	1655	87.494642518779	13.22621282587
6	1685	88.494642518779	11.989824880056
6	1711	89.494642518779	12.25789629963
6	1738	90.494642518779	11.839546988426
6	1761	91.494642518779	13.823089266365
6	1786	92.494642518779	4.60868039665
6	1814	93.494642518779	10.805391385467
6	1837	94.494642518779	8.999421566286
6	1857	95.494642518779	8.345974623707
6	1880	96.494642518779	10.427708068013
6	1906	97.494642518779	12.717366223288
6	1935	98.494642518779	8.693240873728
6	1963	99.494642518779	13.405383761163
6	1983	100.494642518779	6.05624947825
6	1999	101.494642518779	11.031209265657
6	2015	102.494642518779	9.941452972599
6	2036	103.494642518779	14.323879867669
6	2062	104.494642518779	17.439182942164
6	2087	105.494642518779	13.159165446097
6	2105	106.494642518779	15.94175539401
6	2130	107.494642518779	16.667473299118
6	2155	108.494642518779	12.120214710963
6	2184	109.494642518779	14.626203123472
6	2210	110.494642518779	12.480104079534
6	2246	111.494642518779	15.87275736638
6	2279	112.494642518779	13.248709261555
6	2309	113.494642518779	14.118068409931
6	2335	114.494642518779	17.715884113627
6	2368	115.494642518779	13.321593475183
6	2398	116.494642518779	13.467972472914
6	2432	117.494642518779	10.706869404272
6	2462	118.494642518779	14.659749395686
6	2494	119.494642518779	14.423408740043
6	2516	120.494642518779	12.218182499803
6	2549	121.494642518779	13.914296656103
6	2578	122.494642518779	11.200402393054
6	2605	123.494642518779	6.705622983875
6	2640	124.494642518779	15.027817673105
6	2667	125.494642518779	15.95235759675
6	2692	126.494642518779	15.815925480082
6	2721	127.494642518779	15.997237611535
6	2743	128.494642518779	16.064848987293
6	2769	129.494642518779	14.380133981308
6	2792	130.494642518779	15.393958083674
6	2818	131.494642518779	15.352972198909
6	2839	132.494642518779	13.338224282321
6	2856	133.494642518779	9.759975049367
6	2872	134.494642518779	16.820808023358
6	2885	135.494642518779	16.520732231488
6	2902	136.494642518779	15.600710319176
6	2918	137.494642518779	16.50505827016
6	2940	138.494642518779	16.790044099485
6	2953	139.494642518779	13.8336866484
6	2962	140.494642518779	13.91684656534
6	2974	141.494642518779	14.209603138177
6	2988	142.494642518779	11.295902678305
6	2999	143.494642518779	14.964330560391
6	3007	144.494642518779	8.021242614376
6	3016	145.494642518779	7.795293740911
6	3028	146.494642518779	8.394005255945
6	3049	147.494642518779	13.994986088122
6	3070	148.494642518779	11.728006809853
6	3088	149.494642518779	11.568629913351
6	3109	150.494642518779	8.194377049458
6	3133	151.494642518779	9.053046152435
6	3155	152.494642518779	9.773212059027
6	3178	153.494642518779	12.033157461043
6	3199	154.494642518779	7.693063336958
6	3227	155.494642518779	11.069280435041
6	3246	156.494642518779	10.558653572759
6	3276	157.494642518779	7.57512710352
6	3298	158.494642518779	11.742408748295
6	3320	159.494642518779	11.846011391117
6	3342	160.494642518779	9.623440555977
6	3364	161.494642518779	11.387778765448
6	3381	162.494642518779	7.985603112975
6	3401	163.494642518779	12.503058310471
6	3419	164.494642518779	12.194484531766
6	3443	165.494642518779	11.824151668439
6	3466	166.494642518779	7.455325870137
6	3487	167.494642518779	12.7211103433
6	3509	168.494642518779	11.079961038141
6	3532	169.494642518779	14.257028532925
6	3558	170.494642518779	13.546260396352
6	3583	171.494642518779	8.394515818325
6	3608	172.494642518779	7.602643146345
6	3629	173.494642518779	10.250056425678
6	3652	174.494642518779	9.091152544993
6	3666	175.494642518779	5.623907585825
6	3689	176.494642518779	11.291933706896
6	3711	177.494642518779	5.458220631379
6	3723	178.494642518779	11.324824152754
6	3735	179.494642518779	11.634271993826
6	3743	180.494642518779	6.180837722676
6	3751	181.494642518779	7.115032468027
6	3762	182.494642518779	9.317662712842
6	3770	183.494642518779	7.618638098305
6	3783	184.494642518779	14.106621053767
6	3800	185.494642518779	8.62932310338
6	3825	186.494642518779	15.49922767739
6	3853	187.494642518779	10.371832160775
6	3873	188.494642518779	6.409111097391
6	3901	189.494642518779	13.632741214152
6	3933	190.494642518779	6.336858524124
6	3962	191.494642518779	8.692076046155
6	3996	192.494642518779	6.184234457787
6	4020	193.494642518779	7.552295490012
6	4043	194.494642518779	9.300496876972
6	4066	195.494642518779	8.884043807001
6	4086	196.494642518779	10.852140438115
6	4114	197.494642518779	8.701447657139
6	4140	198.494642518779	6.550652659177
6	4164	199.494642518779	12.741856595432
7	19	4.395997146052	1
7	23	5.395997146052	2
7	31	6.395997146052	1
7	63	9.290222719388	3
7	96	11.518715705281	3
7	135	13.839744984754	7
7	188	16.064840143037	3
7	206	17.064840143037	4
7	226	18.064840143037	7
7	244	19.064840143037	5
7	268	20.064840143037	2
7	287	21.064840143037	6
7	320	22.064840143037	3
7	374	23.730526349967	6
7	404	24.730526349967	5
7	430	25.730526349967	5
7	483	27.222630413078	6
7	508	28.222630413078	1
7	530	29.222630413078	5
7	553	30.222630413078	1
7	574	31.222630413078	4
7	591	32.222630413078	7
7	604	33.222630413078	7
7	612	34.222630413078	7
7	616	35.222630413078	7
7	628	36.222630413078	3
7	646	37.222630413078	6
7	665	38.22476352916	2
7	693	40.446604427518	5
7	720	42.743565615666	7
7	733	43.743565615666	1
7	755	44.938568636265	5
7	814	48.494642518779	1
7	839	49.494642518779	6
7	861	50.494642518779	2
7	878	51.494642518779	5
7	894	52.494642518779	4
7	911	53.494642518779	4
7	935	54.494642518779	4
7	963	55.494642518779	7
7	985	56.494642518779	1
7	1008	57.494642518779	2
7	1036	58.494642518779	5
7	1068	59.494642518779	4
7	1089	60.494642518779	4
7	1113	61.494642518779	1
7	1135	62.494642518779	6
7	1154	63.494642518779	2
7	1171	64.494642518779	3
7	1198	65.494642518779	3
7	1219	66.494642518779	7
7	1242	67.494642518779	4
7	1265	68.494642518779	2
7	1282	69.494642518779	3
7	1305	70.494642518779	7
7	1326	71.494642518779	1
7	1354	72.494642518779	3
7	1375	73.494642518779	3
7	1402	74.494642518779	3
7	1423	75.494642518779	4
7	1440	76.494642518779	3
7	1463	77.494642518779	2
7	1486	78.494642518779	6
7	1507	79.494642518779	6
7	1528	80.494642518779	3
7	1545	81.494642518779	7
7	1562	82.494642518779	4
7	1578	83.494642518779	3
7	1590	84.494642518779	6
7	1602	85.494642518779	5
7	1626	86.494642518779	2
7	1655	87.494642518779	6
7	1685	88.494642518779	5
7	1711	89.494642518779	5
7	1738	90.494642518779	4
7	1761	91.494642518779	5
7	1786	92.494642518779	1
7	1814	93.494642518779	3
7	1837	94.494642518779	2
7	1857	95.494642518779	2
7	1880	96.494642518779	4
7	1906	97.494642518779	7
7	1935	98.494642518779	2
7	1963	99.494642518779	7
7	1983	100.494642518779	1
7	1999	101.494642518779	3
7	2015	102.494642518779	2
7	2036	103.494642518779	4
7	2062	104.494642518779	7
7	2087	105.494642518779	4
7	2105	106.494642518779	6
7	2130	107.494642518779	6
7	2155	108.494642518779	3
7	2184	109.494642518779	6
7	2210	110.494642518779	3
7	2246	111.494642518779	6
7	2279	112.494642518779	3
7	2309	113.494642518779	4
7	2335	114.494642518779	7
7	2368	115.494642518779	5
7	2398	116.494642518779	6
7	2432	117.494642518779	4
7	2462	118.494642518779	7
7	2494	119.494642518779	6
7	2516	120.494642518779	5
7	2549	121.494642518779	7
7	2578	122.494642518779	4
7	2605	123.494642518779	1
7	2640	124.494642518779	6
7	2667	125.494642518779	7
7	2692	126.494642518779	6
7	2721	127.494642518779	6
7	2743	128.494642518779	7
7	2769	129.494642518779	5
7	2792	130.494642518779	7
7	2818	131.494642518779	7
7	2839	132.494642518779	4
7	2856	133.494642518779	2
7	2872	134.494642518779	7
7	2885	135.494642518779	6
7	2902	136.494642518779	7
7	2918	137.494642518779	7
7	2940	138.494642518779	7
7	2953	139.494642518779	5
7	2962	140.494642518779	6
7	2974	141.494642518779	6
7	2988	142.494642518779	4
7	2999	143.494642518779	7
7	3007	144.494642518779	2
7	3016	145.494642518779	1
7	3028	146.494642518779	1
7	3049	147.494642518779	5
7	3070	148.494642518779	3
7	3088	149.494642518779	5
7	3109	150.494642518779	1
7	3133	151.494642518779	1
7	3155	152.494642518779	1
7	3178	153.494642518779	2
7	3199	154.494642518779	1
7	3227	155.494642518779	5
7	3246	156.494642518779	4
7	3276	157.494642518779	1
7	3298	158.494642518779	5
7	3320	159.494642518779	5
7	3342	160.494642518779	2
7	3364	161.494642518779	5
7	3381	162.494642518779	1
7	3401	163.494642518779	5
7	3419	164.494642518779	6
7	3443	165.494642518779	5
7	3466	166.494642518779	2
7	3487	167.494642518779	7
7	3509	168.494642518779	5
7	3532	169.494642518779	7
7	3558	170.494642518779	7
7	3583	171.494642518779	3
7	3608	172.494642518779	2
7	3629	173.494642518779	5
7	3652	174.494642518779	5
7	3666	175.494642518779	2
7	3689	176.494642518779	7
7	3711	177.494642518779	1
7	3723	178.494642518779	6
7	3735	179.494642518779	6
7	3743	180.494642518779	1
7	3751	181.494642518779	1
7	3762	182.494642518779	4
7	3770	183.494642518779	2
7	3783	184.494642518779	7
7	3800	185.494642518779	2
7	3825	186.494642518779	7
7	3853	187.494642518779	3
7	3873	188.494642518779	1
7	3901	189.494642518779	4
7	3933	190.494642518779	2
7	3962	191.494642518779	5
7	3996	192.494642518779	2
7	4020	193.494642518779	3
7	4043	194.494642518779	5
7	4066	195.494642518779	5
7	4086	196.494642518779	6
7	4114	197.494642518779	4
7	4140	198.494642518779	2
7	4164	199.494642518779	5
8	19	4.395997146052	1
8	23	5.395997146052	1
8	31	6.395997146052	1
8	63	9.290222719388	1
8	96	11.518715705281	1
8	135	13.839744984754	1
8	188	16.064840143037	1
8	206	17.064840143037	1
8	226	18.064840143037	1
8	244	19.064840143037	1
8	268	20.064840143037	1
8	287	21.064840143037	1
8	320	22.064840143037	1
8	374	23.730526349967	1
8	404	24.730526349967	1
8	430	25.730526349967	1
8	483	27.222630413078	1
8	508	28.222630413078	1
8	530	29.222630413078	1
8	553	30.222630413078	1
8	574	31.222630413078	1
8	591	32.222630413078	1
8	604	33.222630413078	1
8	612	34.222630413078	1
8	616	35.222630413078	1
8	628	36.222630413078	1
8	646	37.222630413078	1
8	665	38.22476352916	1
8	693	40.446604427518	1
8	720	42.743565615666	1
8	733	43.743565615666	1
8	755	44.938568636265	1
8	814	48.494642518779	1
8	839	49.494642518779	1
8	861	50.494642518779	1
8	878	51.494642518779	1
8	894	52.494642518779	1
8	911	53.494642518779	1
8	935	54.494642518779	1
8	963	55.494642518779	1
8	985	56.494642518779	1
8	1008	57.494642518779	1
8	1036	58.494642518779	1
8	1068	59.494642518779	1
8	1089	60.494642518779	1
8	1113	61.494642518779	1
8	1135	62.494642518779	1
8	1154	63.494642518779	1
8	1171	64.494642518779	1
8	1198	65.494642518779	1
8	1219	66.494642518779	1
8	1242	67.494642518779	1
8	1265	68.494642518779	1
8	1282	69.494642518779	1
8	1305	70.494642518779	1
8	1326	71.494642518779	1
8	1354	72.494642518779	1
8	1375	73.494642518779	1
8	1402	74.494642518779	1
8	1423	75.494642518779	1
8	1440	76.494642518779	1
8	1463	77.494642518779	1
8	1486	78.494642518779	1
8	1507	79.494642518779	1
8	1528	80.494642518779	1
8	1545	81.494642518779	1
8	1562	82.494642518779	1
8	1578	83.494642518779	1
8	1590	84.494642518779	1
8	1602	85.494642518779	1
8	1626	86.494642518779	1
8	1655	87.494642518779	1
8	1685	88.494642518779	1
8	1711	89.494642518779	1
8	1738	90.494642518779	1
8	1761	91.494642518779	1
8	1786	92.494642518779	1
8	1814	93.494642518779	1
8	1837	94.494642518779	1
8	1857	95.494642518779	1
8	1880	96.494642518779	1
8	1906	97.494642518779	1
8	1935	98.494642518779	1
8	1963	99.494642518779	1
8	1983	100.494642518779	1
8	1999	101.494642518779	1
8	2015	102.494642518779	1
8	2036	103.494642518779	1
8	2062	104.494642518779	1
8	2087	105.494642518779	1
8	2105	106.494642518779	1
8	2130	107.494642518779	1
8	2155	108.494642518779	1
8	2184	109.494642518779	1
8	2210	110.494642518779	1
8	2246	111.494642518779	1
8	2279	112.494642518779	1
8	2309	113.494642518779	1
8	2335	114.494642518779	1
8	2368	115.494642518779	1
8	2398	116.494642518779	1
8	2432	117.494642518779	1
8	2462	118.494642518779	1
8	2494	119.494642518779	1
8	2516	120.494642518779	1
8	2549	121.494642518779	1
8	2578	122.494642518779	1
8	2605	123.494642518779	1
8	2640	124.494642518779	1
8	2667	125.494642518779	1
8	2692	126.494642518779	1
8	2721	127.494642518779	1
8	2743	128.494642518779	1
8	2769	129.494642518779	1
8	2792	130.494642518779	1
8	2818	131.494642518779	1
8	2839	132.494642518779	1
8	2856	133.494642518779	1
8	2872	134.494642518779	1
8	2885	135.494642518779	1
8	2902	136.494642518779	1
8	2918	137.494642518779	1
8	2940	138.494642518779	1
8	2953	139.494642518779	1
8	2962	140.494642518779	1
8	2974	141.494642518779	1
8	2988	142.494642518779	1
8	2999	143.494642518779	1
8	3007	144.494642518779	1
8	3016	145.494642518779	1
8	3028	146.494642518779	1
8	3049	147.494642518779	1
8	3070	148.494642518779	1
8	3088	149.494642518779	1
8	3109	150.494642518779	1
8	3133	151.494642518779	1
8	3155	152.494642518779	1
8	3178	153.494642518779	1
8	3199	154.494642518779	1
8	3227	155.494642518779	1
8	3246	156.494642518779	1
8	3276	157.494642518779	1
8	3298	158.494642518779	1
8	3320	159.494642518779	1
8	3342	160.494642518779	1
8	3364	161.494642518779	1
8	3381	162.494642518779	1
8	3401	163.494642518779	1
8	3419	164.494642518779	1
8	3443	165.494642518779	1
8	3466	166.494642518779	1
8	3487	167.494642518779	1
8	3509	168.494642518779	1
8	3532	169.494642518779	1
8	3558	170.494642518779	1
8	3583	171.494642518779	1
8	3608	172.494642518779	1
8	3629	173.494642518779	1
8	3652	174.494642518779	1
8	3666	175.494642518779	1
8	3689	176.494642518779	1
8	3711	177.494642518779	1
8	3723	178.494642518779	1
8	3735	179.494642518779	1
8	3743	180.494642518779	1
8	3751	181.494642518779	1
8	3762	182.494642518779	1
8	3770	183.494642518779	1
8	3783	184.494642518779	1
8	3800	185.494642518779	1
8	3825	186.494642518779	1
8	3853	187.494642518779	1
8	3873	188.494642518779	1
8	3901	189.494642518779	1
8	3933	190.494642518779	1
8	3962	191.494642518779	1
8	3996	192.494642518779	1
8	4020	193.494642518779	1
8	4043	194.494642518779	1
8	4066	195.494642518779	1
8	4086	196.494642518779	1
8	4114	197.494642518779	1
8	4140	198.494642518779	1
8	4164	199.494642518779	1
9	24	6.289922719388	1
9	51	8.518415705281	1
9	116	13.064540143037	1
9	227	18.333258936227	1
9	559	30.991843786152	1
9	1014	57.908396870145	1
9	1058	59.351819844358	1
9	1099	61.060159279514	1
9	1118	62.077105470559	1
9	1121	62.209885454967	1
9	1176	64.952281129704	1
9	1224	66.712374654228	1
9	1286	70.132273999384	1
9	1388	74.316496537113	1
9	1567	82.689251133312	1
9	1732	90.463433253122	1
9	1874	96.374427807816	1
9	1921	98.014538439245	1
9	1953	99.245933257224	1
9	2907	136.766635708926	1
9	3390	163.100126700454	1
9	3693	177.122810358004	1
9	3810	185.942347028767	1
9	3986	192.124250322482	1
10	25	6.289922719388	1
10	52	8.518415705281	1
10	85	10.839444984754	1
10	117	13.064540143037	1
10	138	14.017329484523	1
10	155	15.017329484523	1
10	173	16.017329484523	1
10	191	17.017329484523	1
10	228	18.333258936227	1
10	276	20.730226349967	1
10	304	21.730226349967	1
10	333	22.730226349967	1
10	390	24.222330413078	1
10	420	25.222330413078	1
10	443	26.222330413078	1
10	469	27.222330413078	1
10	494	28.222330413078	1
10	516	29.222330413078	1
10	539	30.222330413078	1
10	560	30.991843786152	1
10	577	31.534617971235	1
10	654	37.446304427518	1
10	683	39.743265615666	1
10	711	41.938268636265	1
10	763	45.820863482617	1
10	772	46.820863482617	1
10	796	47.820863482617	1
10	821	48.820863482617	1
10	843	49.820863482617	1
10	872	50.979942515097	1
10	924	54.222347445624	1
10	949	55.222347445624	1
10	971	56.222347445624	1
10	994	57.222347445624	1
10	1015	57.908396870145	1
10	1059	59.351819844358	1
10	1071	59.906536430662	1
10	1092	60.906536430662	1
10	1100	61.060159279514	1
10	1116	62.05749889573	1
10	1119	62.077105470559	1
10	1122	62.209885454967	1
10	1177	64.952281129704	1
10	1210	66.291897604298	1
10	1225	66.712374654228	1
10	1233	67.291897604298	1
10	1252	68.291897604298	1
10	1287	70.132273999384	1
10	1345	72.475282675992	1
10	1366	73.475282675992	1
10	1389	74.316496537113	1
10	1394	74.475282675992	1
10	1415	75.475282675992	1
10	1454	77.268729692909	1
10	1494	78.505017638723	1
10	1515	79.505017638723	1
10	1532	80.505017638723	1
10	1549	81.505017638723	1
10	1568	82.689251133312	1
10	1637	87.067034450766	1
10	1688	88.777676295491	1
10	1725	90.089658757616	1
10	1733	90.463433253122	1
10	1749	91.089658757616	1
10	1770	92.089658757616	1
10	1809	93.335577072682	1
10	1829	94.335577072682	1
10	1852	95.335577072682	1
10	1875	96.374427807816	1
10	1919	97.868739395307	1
10	1922	98.014538439245	1
10	1943	98.868739395307	1
10	1954	99.245933257224	1
10	1978	100.376674108848	1
10	1994	101.376674108848	1
10	2052	104.173249043596	1
10	2095	106.026970045865	1
10	2137	107.787873114507	1
10	2164	108.787873114507	1
10	2197	109.787873114507	1
10	2230	110.787873114507	1
10	2262	111.787873114507	1
10	2292	112.787873114507	1
10	2322	113.787873114507	1
10	2348	114.787873114507	1
10	2376	115.787873114507	1
10	2406	116.787873114507	1
10	2440	117.787873114507	1
10	2471	118.787873114507	1
10	2503	119.787873114507	1
10	2529	120.787873114507	1
10	2560	121.787873114507	1
10	2582	122.787873114507	1
10	2612	123.787873114507	1
10	2657	124.894332199603	1
10	2679	125.894332199603	1
10	2705	126.894332199603	1
10	2730	127.894332199603	1
10	2782	129.578095953439	1
10	2801	130.578095953439	1
10	2829	132.198839840474	1
10	2843	133.198839840474	1
10	2888	135.499856430657	1
10	2908	136.766635708926	1
10	2956	139.926212605428	1
10	3022	146.425562083738	1
10	3039	147.425562083738	1
10	3078	148.752433770484	1
10	3092	149.752433770484	1
10	3145	152.107063753331	1
10	3163	153.107063753331	1
10	3221	155.300457987013	1
10	3236	156.300457987013	1
10	3306	158.773932175479	1
10	3329	159.773932175479	1
10	3351	160.773932175479	1
10	3368	161.773932175479	1
10	3391	163.100126700454	1
10	3433	165.244786093101	1
10	3481	167.403689973786	1
10	3522	169.203108811883	1
10	3545	170.203108811883	1
10	3569	171.203108811883	1
10	3636	174.177079805937	1
10	3656	175.177079805937	1
10	3676	176.177079805937	1
10	3694	177.122810358004	1
10	3699	177.177079805937	1
10	3786	184.802766472624	1
10	3811	185.942347028767	1
10	3847	187.194345641807	1
10	3881	188.610798711778	1
10	3913	189.610798711778	1
10	3945	190.610798711778	1
10	3970	191.610798711778	1
10	3987	192.124250322482	1
10	4004	192.610798711778	1
10	4028	193.610798711778	1
10	4051	194.610798711778	1
10	4070	195.610798711778	1
10	4093	196.610798711778	1
10	4118	197.610798711778	1
10	4154	199.236120495559	1
11	26	6.289922719388	1
11	27	6.289922719388	0
11	53	8.518415705281	1
11	54	8.518415705281	0
11	86	10.839444984754	1
11	87	10.839444984754	0
11	118	13.064540143037	1
11	119	13.064540143037	0
11	139	14.017329484523	1
11	140	14.064540143037	0
11	156	15.017329484523	1
11	157	15.064540143037	0
11	174	16.017329484523	1
11	175	16.064540143037	0
11	192	17.017329484523	1
11	193	17.064540143037	0
11	229	18.333258936227	1
11	230	18.333258936227	0
11	277	20.730226349967	1
11	278	20.730226349967	0
11	305	21.730226349967	1
11	306	21.730226349967	0
11	334	22.730226349967	1
11	335	22.730226349967	0
11	391	24.222330413078	1
11	392	24.222330413078	0
11	421	25.222330413078	1
11	422	25.222330413078	0
11	444	26.222330413078	1
11	445	26.222330413078	0
11	470	27.222330413078	1
11	471	27.222330413078	0
11	495	28.222330413078	1
11	496	28.222330413078	0
11	517	29.222330413078	1
11	518	29.222330413078	0
11	540	30.222330413078	1
11	541	30.222330413078	0
11	561	30.991843786152	1
11	562	31.222330413078	0
11	578	31.534617971235	1
11	579	32.222330413078	0
11	655	37.446304427518	1
11	656	37.446304427518	0
11	684	39.743265615666	1
11	685	39.743265615666	0
11	712	41.938268636265	1
11	713	41.938268636265	0
11	764	45.820863482617	1
11	765	45.820863482617	0
11	773	46.820863482617	1
11	774	46.820863482617	0
11	797	47.820863482617	1
11	798	47.820863482617	0
11	822	48.820863482617	1
11	823	48.820863482617	0
11	844	49.820863482617	1
11	845	49.820863482617	0
11	873	50.979942515097	1
11	874	50.979942515097	0
11	925	54.222347445624	1
11	926	54.222347445624	0
11	950	55.222347445624	1
11	951	55.222347445624	0
11	972	56.222347445624	1
11	973	56.222347445624	0
11	995	57.222347445624	1
11	996	57.222347445624	0
11	1016	57.908396870145	1
11	1021	58.222347445624	0
11	1060	59.351819844358	1
11	1061	59.351819844358	0
11	1072	59.906536430662	1
11	1082	60.351819844358	0
11	1093	60.906536430662	1
11	1101	61.060159279514	2
11	1106	61.351819844358	1
11	1117	62.05749889573	2
11	1120	62.077105470559	3
11	1123	62.209885454967	4
11	1128	62.351819844358	3
11	1143	63.351819844358	2
11	1159	64.351819844358	1
11	1178	64.952281129704	2
11	1187	65.351819844358	1
11	1211	66.291897604298	2
11	1212	66.351819844358	1
11	1226	66.712374654228	2
11	1234	67.291897604298	3
11	1235	67.351819844358	2
11	1253	68.291897604298	3
11	1254	68.351819844358	2
11	1270	69.351819844358	1
11	1288	70.132273999384	2
11	1293	70.351819844358	1
11	1314	71.351819844358	0
11	1346	72.475282675992	1
11	1347	72.475282675992	0
11	1367	73.475282675992	1
11	1368	73.475282675992	0
11	1390	74.316496537113	1
11	1393	74.475282675992	0
11	1395	74.475282675992	1
11	1414	75.475282675992	0
11	1416	75.475282675992	1
11	1433	76.475282675992	0
11	1455	77.268729692909	1
11	1456	77.475282675992	0
11	1495	78.505017638723	1
11	1496	78.505017638723	0
11	1516	79.505017638723	1
11	1517	79.505017638723	0
11	1533	80.505017638723	1
11	1534	80.505017638723	0
11	1550	81.505017638723	1
11	1551	81.505017638723	0
11	1569	82.689251133312	1
11	1570	82.689251133312	0
11	1638	87.067034450766	1
11	1639	87.067034450766	0
11	1689	88.777676295491	1
11	1690	88.777676295491	0
11	1726	90.089658757616	1
11	1727	90.089658757616	0
11	1734	90.463433253122	1
11	1748	91.089658757616	0
11	1750	91.089658757616	1
11	1769	92.089658757616	0
11	1771	92.089658757616	1
11	1799	93.089658757616	0
11	1810	93.335577072682	1
11	1819	94.089658757616	0
11	1830	94.335577072682	1
11	1842	95.089658757616	0
11	1853	95.335577072682	1
11	1866	96.089658757616	0
11	1876	96.374427807816	1
11	1895	97.089658757616	0
11	1920	97.868739395307	1
11	1923	98.014538439245	2
11	1924	98.089658757616	1
11	1944	98.868739395307	2
11	1945	99.089658757616	1
11	1955	99.245933257224	2
11	1968	100.089658757616	1
11	1979	100.376674108848	2
11	1984	101.089658757616	1
11	1995	101.376674108848	2
11	2000	102.089658757616	1
11	2020	103.089658757616	0
11	2053	104.173249043596	1
11	2054	104.173249043596	0
11	2096	106.026970045865	1
11	2097	106.026970045865	0
11	2138	107.787873114507	1
11	2139	107.787873114507	0
11	2165	108.787873114507	1
11	2166	108.787873114507	0
11	2198	109.787873114507	1
11	2199	109.787873114507	0
11	2231	110.787873114507	1
11	2232	110.787873114507	0
11	2263	111.787873114507	1
11	2264	111.787873114507	0
11	2293	112.787873114507	1
11	2294	112.787873114507	0
11	2323	113.787873114507	1
11	2324	113.787873114507	0
11	2349	114.787873114507	1
11	2350	114.787873114507	0
11	2377	115.787873114507	1
11	2378	115.787873114507	0
11	2407	116.787873114507	1
11	2408	116.787873114507	0
11	2441	117.787873114507	1
11	2442	117.787873114507	0
11	2472	118.787873114507	1
11	2473	118.787873114507	0
11	2504	119.787873114507	1
11	2505	119.787873114507	0
11	2530	120.787873114507	1
11	2531	120.787873114507	0
11	2561	121.787873114507	1
11	2562	121.787873114507	0
11	2583	122.787873114507	1
11	2584	122.787873114507	0
11	2613	123.787873114507	1
11	2614	123.787873114507	0
11	2658	124.894332199603	1
11	2659	124.894332199603	0
11	2680	125.894332199603	1
11	2681	125.894332199603	0
11	2706	126.894332199603	1
11	2707	126.894332199603	0
11	2731	127.894332199603	1
11	2732	127.894332199603	0
11	2783	129.578095953439	1
11	2784	129.578095953439	0
11	2802	130.578095953439	1
11	2803	130.578095953439	0
11	2830	132.198839840474	1
11	2831	132.198839840474	0
11	2844	133.198839840474	1
11	2845	133.198839840474	0
11	2889	135.499856430657	1
11	2890	135.499856430657	0
11	2909	136.766635708926	1
11	2910	136.766635708926	0
11	2957	139.926212605428	1
11	2958	139.926212605428	0
11	3023	146.425562083738	1
11	3024	146.425562083738	0
11	3040	147.425562083738	1
11	3041	147.425562083738	0
11	3079	148.752433770484	1
11	3080	148.752433770484	0
11	3093	149.752433770484	1
11	3094	149.752433770484	0
11	3146	152.107063753331	1
11	3147	152.107063753331	0
11	3164	153.107063753331	1
11	3165	153.107063753331	0
11	3222	155.300457987013	1
11	3223	155.300457987013	0
11	3237	156.300457987013	1
11	3238	156.300457987013	0
11	3307	158.773932175479	1
11	3308	158.773932175479	0
11	3330	159.773932175479	1
11	3331	159.773932175479	0
11	3352	160.773932175479	1
11	3353	160.773932175479	0
11	3369	161.773932175479	1
11	3370	161.773932175479	0
11	3392	163.100126700454	1
11	3393	163.100126700454	0
11	3434	165.244786093101	1
11	3435	165.244786093101	0
11	3482	167.403689973786	1
11	3483	167.403689973786	0
11	3523	169.203108811883	1
11	3524	169.203108811883	0
11	3546	170.203108811883	1
11	3547	170.203108811883	0
11	3570	171.203108811883	1
11	3571	171.203108811883	0
11	3637	174.177079805937	1
11	3638	174.177079805937	0
11	3657	175.177079805937	1
11	3658	175.177079805937	0
11	3677	176.177079805937	1
11	3678	176.177079805937	0
11	3695	177.122810358004	1
11	3698	177.177079805937	0
11	3700	177.177079805937	1
11	3712	178.177079805937	0
11	3787	184.802766472624	1
11	3788	184.802766472624	0
11	3812	185.942347028767	1
11	3813	185.942347028767	0
11	3848	187.194345641807	1
11	3849	187.194345641807	0
11	3882	188.610798711778	1
11	3883	188.610798711778	0
11	3914	189.610798711778	1
11	3915	189.610798711778	0
11	3946	190.610798711778	1
11	3947	190.610798711778	0
11	3971	191.610798711778	1
11	3972	191.610798711778	0
11	3988	192.124250322482	1
11	4003	192.610798711778	0
11	4005	192.610798711778	1
11	4027	193.610798711778	0
11	4029	193.610798711778	1
11	4050	194.610798711778	0
11	4052	194.610798711778	1
11	4069	195.610798711778	0
11	4071	195.610798711778	1
11	4092	196.610798711778	0
11	4094	196.610798711778	1
11	4117	197.610798711778	0
11	4119	197.610798711778	1
11	4144	198.610798711778	0
11	4155	199.236120495559	1
11	4165	199.610798711778	0
12	32	6.839044984754	1
12	74	10.224259719393	1
12	288	21.206532542754	1
12	311	21.844659725624	1
12	314	21.987638844417	1
12	405	25.202375805204	1
12	621	35.742865615666	1
12	779	46.979542515097	1
12	964	55.906136430662	1
12	1017	58.05709889573	1
12	1258	68.474882675992	1
12	1591	84.777276295491	1
12	1615	86.089258757616	1
12	1632	87.055459576615	1
12	1881	96.778758405152	1
12	2037	103.834893123093	1
12	2131	107.580345862676	1
12	2185	109.542284922029	1
12	2272	112.429793531486	1
12	2354	115.100684435105	1
12	2387	116.14167031987	1
12	2433	117.673834495421	1
12	2535	120.893932199603	1
12	2539	120.989584248619	1
12	2554	121.704598419294	1
12	2744	128.530311958388	1
12	3203	154.773532175479	1
12	3211	155.237613985854	1
12	3257	156.948382122427	1
12	3427	165.202708811883	1
12	3551	170.388021465012	1
12	3563	170.995414841389	1
12	3902	189.540206342124	1
12	4107	197.468645335931	1
13	33	6.839044984754	1
13	75	10.224259719393	1
13	289	21.206532542754	1
13	312	21.844659725624	1
13	315	21.987638844417	1
13	406	25.202375805204	1
13	622	35.742865615666	1
13	780	46.979542515097	1
13	965	55.906136430662	1
13	1018	58.05709889573	1
13	1259	68.474882675992	1
13	1592	84.777276295491	1
13	1616	86.089258757616	1
13	1633	87.055459576615	1
13	1882	96.778758405152	1
13	2038	103.834893123093	1
13	2132	107.580345862676	1
13	2186	109.542284922029	1
13	2273	112.429793531486	1
13	2355	115.100684435105	1
13	2388	116.14167031987	1
13	2434	117.673834495421	1
13	2536	120.893932199603	1
13	2540	120.989584248619	1
13	2555	121.704598419294	1
13	2745	128.530311958388	1
13	3204	154.773532175479	1
13	3212	155.237613985854	1
13	3258	156.948382122427	1
13	3428	165.202708811883	1
13	3552	170.388021465012	1
13	3564	170.995414841389	1
13	3903	189.540206342124	1
13	4108	197.468645335931	1
14	34	6.839044984754	1
14	35	6.839044984754	0
14	76	10.224259719393	1
14	77	10.224259719393	0
14	290	21.206532542754	1
14	291	21.206532542754	0
14	313	21.844659725624	1
14	316	21.987638844417	2
14	321	22.206532542754	1
14	348	23.206532542754	0
14	407	25.202375805204	1
14	408	25.202375805204	0
14	623	35.742865615666	1
14	624	35.742865615666	0
14	781	46.979542515097	1
14	782	46.979542515097	0
14	966	55.906136430662	1
14	967	55.906136430662	0
14	1019	58.05709889573	1
14	1020	58.05709889573	0
14	1260	68.474882675992	1
14	1261	68.474882675992	0
14	1593	84.777276295491	1
14	1594	84.777276295491	0
14	1617	86.089258757616	1
14	1618	86.089258757616	0
14	1634	87.055459576615	1
14	1640	87.089258757616	0
14	1883	96.778758405152	1
14	1884	96.778758405152	0
14	2039	103.834893123093	1
14	2040	103.834893123093	0
14	2133	107.580345862676	1
14	2134	107.580345862676	0
14	2187	109.542284922029	1
14	2188	109.542284922029	0
14	2274	112.429793531486	1
14	2275	112.429793531486	0
14	2356	115.100684435105	1
14	2357	115.100684435105	0
14	2389	116.14167031987	1
14	2390	116.14167031987	0
14	2435	117.673834495421	1
14	2436	117.673834495421	0
14	2537	120.893932199603	1
14	2538	120.893932199603	0
14	2541	120.989584248619	1
14	2556	121.704598419294	2
14	2566	121.893932199603	1
14	2588	122.893932199603	0
14	2746	128.530311958388	1
14	2747	128.530311958388	0
14	3205	154.773532175479	1
14	3206	154.773532175479	0
14	3213	155.237613985854	1
14	3228	155.773532175479	0
14	3259	156.948382122427	1
14	3260	156.948382122427	0
14	3429	165.202708811883	1
14	3430	165.202708811883	0
14	3553	170.388021465012	1
14	3554	170.388021465012	0
14	3565	170.995414841389	1
14	3575	171.388021465012	0
14	3904	189.540206342124	1
14	3905	189.540206342124	0
14	4109	197.468645335931	1
14	4110	197.468645335931	0
15	43	7.839144984754	1
15	90	11.224359719393	1
15	121	13.152748379419	1
15	208	17.729926349967	1
15	293	21.222030413078	1
15	323	22.206632542754	1
15	350	23.206632542754	1
15	377	24.206632542754	1
15	433	26.202475805204	1
15	510	28.534317971235	1
15	640	36.742965615666	1
15	722	42.820563482617	1
15	808	47.979642515097	1
15	905	53.436315300548	1
15	988	56.906236430662	1
15	1047	59.05719889573	1
15	1148	63.385868061204	1
15	1173	64.520823487326	1
15	1276	69.474982675992	1
15	1307	71.149800227551	1
15	1385	74.268429692909	1
15	1608	85.777376295491	1
15	1642	87.089358757616	1
15	1671	88.089358757616	1
15	1740	90.552887124769	1
15	1744	90.827169219661	1
15	1839	94.868439395307	1
15	1859	95.621885152399	1
15	1909	97.778858405152	1
15	2017	103.026670045865	1
15	2065	104.834993123093	1
15	2074	105.071233778736	1
15	2158	108.580445862676	1
15	2179	109.466824845674	1
15	2213	110.542384922029	1
15	2225	110.678717038697	1
15	2248	111.497404907244	1
15	2304	113.429893531486	1
15	2384	116.100784435105	1
15	2422	117.14177031987	1
15	2465	118.673934495421	1
15	2478	118.973910287291	1
15	2568	121.894032199603	1
15	2591	122.894032199603	1
15	2621	123.894032199603	1
15	2694	126.577795953439	1
15	2716	127.285039380602	1
15	2772	129.530411958388	1
15	3149	152.300157987013	1
15	3230	155.773632175479	1
15	3250	156.773632175479	1
15	3288	157.948482122427	1
15	3450	166.202808811883	1
15	3468	167.169818366025	1
15	3489	167.860370524953	1
15	3577	171.388121465012	1
15	3598	172.388121465012	1
15	3802	185.642502080664	1
15	3892	189.19290294346	1
15	3896	189.225848726906	1
15	3928	190.33423927052	1
15	3936	190.540306342124	1
15	4080	196.235820495559	1
15	4134	198.468745335931	1
16	44	7.839144984754	1
16	45	7.839144984754	0
16	91	11.224359719393	1
16	92	11.224359719393	0
16	122	13.152748379419	1
16	123	13.152748379419	0
16	209	17.729926349967	1
16	210	17.729926349967	0
16	294	21.222030413078	1
16	295	21.222030413078	0
16	324	22.206632542754	1
16	325	22.222030413078	0
16	351	23.206632542754	1
16	352	23.222030413078	0
16	378	24.206632542754	1
16	379	24.222030413078	0
16	434	26.202475805204	1
16	435	26.202475805204	0
16	511	28.534317971235	1
16	512	28.534317971235	0
16	641	36.742965615666	1
16	642	36.742965615666	0
16	723	42.820563482617	1
16	724	42.820563482617	0
16	809	47.979642515097	1
16	810	47.979642515097	0
16	906	53.436315300548	1
16	907	53.436315300548	0
16	989	56.906236430662	1
16	990	56.906236430662	0
16	1048	59.05719889573	1
16	1049	59.05719889573	0
16	1149	63.385868061204	1
16	1150	63.385868061204	0
16	1174	64.520823487326	1
16	1175	64.520823487326	0
16	1277	69.474982675992	1
16	1278	69.474982675992	0
16	1308	71.149800227551	1
16	1309	71.149800227551	0
16	1386	74.268429692909	1
16	1387	74.268429692909	0
16	1609	85.777376295491	1
16	1610	85.777376295491	0
16	1643	87.089358757616	1
16	1644	87.089358757616	0
16	1672	88.089358757616	1
16	1673	88.089358757616	0
16	1741	90.552887124769	1
16	1742	90.552887124769	0
16	1745	90.827169219661	1
16	1762	91.552887124769	0
16	1840	94.868439395307	1
16	1841	94.868439395307	0
16	1860	95.621885152399	1
16	1861	95.868439395307	0
16	1910	97.778858405152	1
16	1911	97.778858405152	0
16	2018	103.026670045865	1
16	2019	103.026670045865	0
16	2066	104.834993123093	1
16	2067	104.834993123093	0
16	2075	105.071233778736	1
16	2088	105.834993123093	0
16	2159	108.580445862676	1
16	2160	108.580445862676	0
16	2180	109.466824845674	1
16	2189	109.580445862676	0
16	2214	110.542384922029	1
16	2215	110.580445862676	0
16	2226	110.678717038697	1
16	2249	111.497404907244	2
16	2250	111.580445862676	1
16	2280	112.580445862676	0
16	2305	113.429893531486	1
16	2310	113.580445862676	0
16	2385	116.100784435105	1
16	2386	116.100784435105	0
16	2423	117.14177031987	1
16	2424	117.14177031987	0
16	2466	118.673934495421	1
16	2467	118.673934495421	0
16	2479	118.973910287291	1
16	2495	119.673934495421	0
16	2569	121.894032199603	1
16	2570	121.894032199603	0
16	2592	122.894032199603	1
16	2593	122.894032199603	0
16	2622	123.894032199603	1
16	2623	123.894032199603	0
16	2695	126.577795953439	1
16	2696	126.577795953439	0
16	2717	127.285039380602	1
16	2722	127.577795953439	0
16	2773	129.530411958388	1
16	2774	129.530411958388	0
16	3150	152.300157987013	1
16	3151	152.300157987013	0
16	3231	155.773632175479	1
16	3232	155.773632175479	0
16	3251	156.773632175479	1
16	3252	156.773632175479	0
16	3289	157.948482122427	1
16	3290	157.948482122427	0
16	3451	166.202808811883	1
16	3452	166.202808811883	0
16	3469	167.169818366025	1
16	3470	167.202808811883	0
16	3490	167.860370524953	1
16	3491	168.202808811883	0
16	3578	171.388121465012	1
16	3579	171.388121465012	0
16	3599	172.388121465012	1
16	3600	172.388121465012	0
16	3803	185.642502080664	1
16	3804	185.642502080664	0
16	3893	189.19290294346	1
16	3894	189.19290294346	0
16	3897	189.225848726906	1
16	3923	190.19290294346	0
16	3929	190.33423927052	1
16	3937	190.540306342124	2
16	3955	191.19290294346	1
16	3989	192.19290294346	0
16	4081	196.235820495559	1
16	4082	196.235820495559	0
16	4135	198.468745335931	1
16	4136	198.468745335931	0
17	57	8.839244984754	1
17	104	12.224459719393	1
17	129	13.660817351191	1
17	147	14.152848379419	1
17	233	18.730026349967	1
17	250	19.536847321493	1
17	258	20.052644809749	1
17	327	22.222130413078	1
17	346	22.933690783447	1
17	355	23.222130413078	1
17	382	24.222130413078	1
17	412	25.222130413078	1
17	460	27.202575805204	1
17	533	29.534417971235	1
17	618	35.446104427518	1
17	659	37.743065615666	1
17	687	39.938068636265	1
17	736	43.820663482617	1
17	745	44.270574853652	1
17	833	48.979742515097	1
17	888	52.222147445624	1
17	929	54.436415300548	1
17	1011	57.906336430662	1
17	1075	60.05729889573	1
17	1165	64.385968061204	1
17	1201	65.520923487326	1
17	1299	70.475082675992	1
17	1332	72.149900227551	1
17	1349	72.483090791534	1
17	1409	75.268529692909	1
17	1442	76.504817638723	1
17	1450	77.236746219149	1
17	1470	77.671553252414	1
17	1629	86.777476295491	1
17	1675	88.089458757616	1
17	1694	89.089458757616	1
17	1764	91.552987124769	1
17	1790	92.552987124769	1
17	1863	95.868539395307	1
17	1888	96.868539395307	1
17	1938	98.778958405152	1
17	2005	102.173049043596	1
17	2043	104.026770045865	1
17	2090	105.835093123093	1
17	2113	106.835093123093	1
17	2149	108.276460018976	1
17	2191	109.580545862676	1
17	2218	110.580545862676	1
17	2253	111.580545862676	1
17	2283	112.580545862676	1
17	2313	113.580545862676	1
17	2339	114.580545862676	1
17	2359	115.114508537471	1
17	2417	117.100884435105	1
17	2452	118.14187031987	1
17	2497	119.674034495421	1
17	2520	120.674034495421	1
17	2595	122.894132199603	1
17	2626	123.894132199603	1
17	2648	124.894132199603	1
17	2669	125.660955870379	1
17	2724	127.577895953439	1
17	2751	128.577895953439	1
17	2795	130.530511958388	1
17	2858	133.499656430657	1
17	2927	137.926012605428	1
17	3001	144.425362083738	1
17	3030	146.752233770484	1
17	3051	147.648631127662	1
17	3103	150.106863753331	1
17	3123	150.991584208308	1
17	3172	153.300257987013	1
17	3180	153.67049085034	1
17	3254	156.773732175479	1
17	3271	157.414681480638	1
17	3280	157.773732175479	1
17	3311	158.948582122427	1
17	3395	163.244586093101	1
17	3437	165.403489973786	1
17	3472	167.202908811883	1
17	3494	168.202908811883	1
17	3513	169.202908811883	1
17	3602	172.388221465012	1
17	3620	173.388221465012	1
17	3764	182.802566472624	1
17	3794	185.194145641807	1
17	3827	186.610598711778	1
17	3832	186.642602080664	1
17	3835	186.752785923347	1
17	3864	188.014551687241	1
17	3925	190.19300294346	1
17	3957	191.19300294346	1
17	3991	192.19300294346	1
17	4015	193.19300294346	1
17	4104	197.235920495559	1
17	4158	199.468845335931	1
18	58	8.839244984754	1
18	59	8.839244984754	0
18	105	12.224459719393	1
18	106	12.224459719393	0
18	130	13.660817351191	1
18	131	13.660817351191	0
18	148	14.152848379419	1
18	149	14.660817351191	0
18	234	18.730026349967	1
18	235	18.730026349967	0
18	251	19.536847321493	1
18	252	19.730026349967	0
18	259	20.052644809749	1
18	269	20.730026349967	0
18	328	22.222130413078	1
18	329	22.222130413078	0
18	347	22.933690783447	1
18	354	23.222130413078	0
18	356	23.222130413078	1
18	381	24.222130413078	0
18	383	24.222130413078	1
18	411	25.222130413078	0
18	413	25.222130413078	1
18	436	26.222130413078	0
18	461	27.202575805204	1
18	462	27.222130413078	0
18	534	29.534417971235	1
18	535	29.534417971235	0
18	619	35.446104427518	1
18	620	35.446104427518	0
18	660	37.743065615666	1
18	661	37.743065615666	0
18	688	39.938068636265	1
18	689	39.938068636265	0
18	737	43.820663482617	1
18	738	43.820663482617	0
18	746	44.270574853652	1
18	747	44.820663482617	0
18	834	48.979742515097	1
18	835	48.979742515097	0
18	889	52.222147445624	1
18	890	52.222147445624	0
18	930	54.436415300548	1
18	931	54.436415300548	0
18	1012	57.906336430662	1
18	1013	57.906336430662	0
18	1076	60.05729889573	1
18	1077	60.05729889573	0
18	1166	64.385968061204	1
18	1167	64.385968061204	0
18	1202	65.520923487326	1
18	1203	65.520923487326	0
18	1300	70.475082675992	1
18	1301	70.475082675992	0
18	1333	72.149900227551	1
18	1334	72.149900227551	0
18	1350	72.483090791534	1
18	1355	73.149900227551	0
18	1410	75.268529692909	1
18	1411	75.268529692909	0
18	1443	76.504817638723	1
18	1444	76.504817638723	0
18	1451	77.236746219149	1
18	1464	77.504817638723	0
18	1471	77.671553252414	1
18	1487	78.504817638723	0
18	1630	86.777476295491	1
18	1631	86.777476295491	0
18	1676	88.089458757616	1
18	1677	88.089458757616	0
18	1695	89.089458757616	1
18	1696	89.089458757616	0
18	1765	91.552987124769	1
18	1766	91.552987124769	0
18	1791	92.552987124769	1
18	1792	92.552987124769	0
18	1864	95.868539395307	1
18	1865	95.868539395307	0
18	1889	96.868539395307	1
18	1890	96.868539395307	0
18	1939	98.778958405152	1
18	1940	98.778958405152	0
18	2006	102.173049043596	1
18	2007	102.173049043596	0
18	2044	104.026770045865	1
18	2045	104.026770045865	0
18	2091	105.835093123093	1
18	2092	105.835093123093	0
18	2114	106.835093123093	1
18	2115	106.835093123093	0
18	2150	108.276460018976	1
18	2151	108.276460018976	0
18	2192	109.580545862676	1
18	2193	109.580545862676	0
18	2219	110.580545862676	1
18	2220	110.580545862676	0
18	2254	111.580545862676	1
18	2255	111.580545862676	0
18	2284	112.580545862676	1
18	2285	112.580545862676	0
18	2314	113.580545862676	1
18	2315	113.580545862676	0
18	2340	114.580545862676	1
18	2341	114.580545862676	0
18	2360	115.114508537471	1
18	2369	115.580545862676	0
18	2418	117.100884435105	1
18	2419	117.100884435105	0
18	2453	118.14187031987	1
18	2454	118.14187031987	0
18	2498	119.674034495421	1
18	2499	119.674034495421	0
18	2521	120.674034495421	1
18	2522	120.674034495421	0
18	2596	122.894132199603	1
18	2597	122.894132199603	0
18	2627	123.894132199603	1
18	2628	123.894132199603	0
18	2649	124.894132199603	1
18	2650	124.894132199603	0
18	2670	125.660955870379	1
18	2671	125.894132199603	0
18	2725	127.577895953439	1
18	2726	127.577895953439	0
18	2752	128.577895953439	1
18	2753	128.577895953439	0
18	2796	130.530511958388	1
18	2797	130.530511958388	0
18	2859	133.499656430657	1
18	2860	133.499656430657	0
18	2928	137.926012605428	1
18	2929	137.926012605428	0
18	3002	144.425362083738	1
18	3003	144.425362083738	0
18	3031	146.752233770484	1
18	3032	146.752233770484	0
18	3052	147.648631127662	1
18	3053	147.752233770484	0
18	3104	150.106863753331	1
18	3105	150.106863753331	0
18	3124	150.991584208308	1
18	3125	151.106863753331	0
18	3173	153.300257987013	1
18	3174	153.300257987013	0
18	3181	153.67049085034	1
18	3191	154.300257987013	0
18	3255	156.773732175479	1
18	3256	156.773732175479	0
18	3272	157.414681480638	1
18	3279	157.773732175479	0
18	3281	157.773732175479	1
18	3299	158.773732175479	0
18	3312	158.948582122427	1
18	3321	159.773732175479	0
18	3396	163.244586093101	1
18	3397	163.244586093101	0
18	3438	165.403489973786	1
18	3439	165.403489973786	0
18	3473	167.202908811883	1
18	3474	167.202908811883	0
18	3495	168.202908811883	1
18	3496	168.202908811883	0
18	3514	169.202908811883	1
18	3515	169.202908811883	0
18	3603	172.388221465012	1
18	3604	172.388221465012	0
18	3621	173.388221465012	1
18	3622	173.388221465012	0
18	3765	182.802566472624	1
18	3766	182.802566472624	0
18	3795	185.194145641807	1
18	3796	185.194145641807	0
18	3828	186.610598711778	1
18	3829	186.610598711778	0
18	3833	186.642602080664	1
18	3836	186.752785923347	2
18	3854	187.610598711778	1
18	3865	188.014551687241	2
18	3874	188.610598711778	1
18	3906	189.610598711778	0
18	3926	190.19300294346	1
18	3938	190.610598711778	0
18	3958	191.19300294346	1
18	3963	191.610598711778	0
18	3992	192.19300294346	1
18	3997	192.610598711778	0
18	4016	193.19300294346	1
18	4021	193.610598711778	0
18	4105	197.235920495559	1
18	4106	197.235920495559	0
18	4159	199.468845335931	1
18	4160	199.468845335931	0
19	71	9.839344984754	1
19	113	13.017229484523	1
19	126	13.224559719393	1
19	151	14.660917351191	1
19	169	15.660917351191	1
19	254	19.730126349967	1
19	272	20.730126349967	1
19	299	21.730126349967	1
19	358	23.222230413078	1
19	386	24.222230413078	1
19	394	24.722707886798	1
19	416	25.222230413078	1
19	439	26.222230413078	1
19	465	27.222230413078	1
19	490	28.222230413078	1
19	556	30.534517971235	1
19	635	36.446204427518	1
19	673	38.743165615666	1
19	701	40.938168636265	1
19	749	44.820763482617	1
19	759	45.820763482617	1
19	767	46.773897387529	1
19	791	47.655018253596	1
19	816	48.738126017096	1
19	855	49.979842515097	1
19	901	53.222247445624	1
19	920	54.133968626367	1
19	944	54.917591750795	1
19	958	55.436515300548	1
19	1042	58.906436430662	1
19	1063	59.409454665013	1
19	1096	61.05739889573	1
19	1184	65.291797604298	1
19	1193	65.386068061204	1
19	1222	66.521023487326	1
19	1320	71.475182675992	1
19	1328	72.008633445876	1
19	1357	73.150000227551	1
19	1378	74.150000227551	1
19	1430	76.268629692909	1
19	1466	77.504917638723	1
19	1490	78.504917638723	1
19	1498	78.655095530353	1
19	1511	79.504917638723	1
19	1612	86.066934450766	1
19	1658	87.777576295491	1
19	1698	89.089558757616	1
19	1702	89.17076265111	1
19	1722	90.089558757616	1
19	1780	92.335477072682	1
19	1794	92.553087124769	1
19	1817	93.553087124769	1
19	1892	96.868639395307	1
19	1915	97.868639395307	1
19	1957	99.376574108848	1
19	1966	99.779058405152	1
19	2026	103.173149043596	1
19	2070	105.026870045865	1
19	2107	106.787773114507	1
19	2117	106.835193123093	1
19	2142	107.835193123093	1
19	2176	109.276560018976	1
19	2222	110.580645862676	1
19	2241	111.294240125725	1
19	2257	111.580645862676	1
19	2287	112.580645862676	1
19	2317	113.580645862676	1
19	2343	114.580645862676	1
19	2371	115.580645862676	1
19	2401	116.580645862676	1
19	2448	118.100984435105	1
19	2482	119.14197031987	1
19	2485	119.156418236458	1
19	2524	120.674134495421	1
19	2552	121.674134495421	1
19	2630	123.894232199603	1
19	2653	124.894232199603	1
19	2674	125.894232199603	1
19	2700	126.894232199603	1
19	2755	128.577995953439	1
19	2778	129.577995953439	1
19	2808	131.198739840474	1
19	2821	131.530611958388	1
19	2875	134.499756430657	1
19	2943	138.926112605428	1
19	3010	145.425462083738	1
19	3018	145.93598894602	1
19	3055	147.752333770484	1
19	3074	148.752333770484	1
19	3127	151.106963753331	1
19	3141	152.106963753331	1
19	3193	154.300357987013	1
19	3217	155.300357987013	1
19	3283	157.773832175479	1
19	3302	158.773832175479	1
19	3324	159.773832175479	1
19	3346	160.773832175479	1
19	3413	164.244686093101	1
19	3460	166.403589973786	1
19	3498	168.203008811883	1
19	3518	169.203008811883	1
19	3540	170.203008811883	1
19	3614	173.176979805937	1
19	3624	173.388321465012	1
19	3647	174.388321465012	1
19	3668	175.861901304627	1
19	3773	183.802666472624	1
19	3816	186.194245641807	1
19	3856	187.610698711778	1
19	3877	188.610698711778	1
19	3885	188.79319486164	1
19	3909	189.610698711778	1
19	3941	190.610698711778	1
19	3966	191.610698711778	1
19	3984	192.025311133951	1
19	4000	192.610698711778	1
19	4024	193.610698711778	1
19	4047	194.610698711778	1
19	4129	198.236020495559	1
20	72	9.839344984754	1
20	73	9.839344984754	0
20	114	13.017229484523	1
20	115	13.017229484523	0
20	127	13.224559719393	1
20	136	14.017229484523	0
20	152	14.660917351191	1
20	153	15.017229484523	0
20	170	15.660917351191	1
20	171	16.017229484523	0
20	255	19.730126349967	1
20	256	19.730126349967	0
20	273	20.730126349967	1
20	274	20.730126349967	0
20	300	21.730126349967	1
20	301	21.730126349967	0
20	359	23.222230413078	1
20	360	23.222230413078	0
20	387	24.222230413078	1
20	388	24.222230413078	0
20	395	24.722707886798	1
20	415	25.222230413078	0
20	417	25.222230413078	1
20	438	26.222230413078	0
20	440	26.222230413078	1
20	464	27.222230413078	0
20	466	27.222230413078	1
20	489	28.222230413078	0
20	491	28.222230413078	1
20	513	29.222230413078	0
20	557	30.534517971235	1
20	558	30.534517971235	0
20	636	36.446204427518	1
20	637	36.446204427518	0
20	674	38.743165615666	1
20	675	38.743165615666	0
20	702	40.938168636265	1
20	703	40.938168636265	0
20	750	44.820763482617	1
20	751	44.820763482617	0
20	760	45.820763482617	1
20	761	45.820763482617	0
20	768	46.773897387529	1
20	769	46.820763482617	0
20	792	47.655018253596	1
20	793	47.820763482617	0
20	817	48.738126017096	1
20	818	48.820763482617	0
20	856	49.979842515097	1
20	857	49.979842515097	0
20	902	53.222247445624	1
20	903	53.222247445624	0
20	921	54.133968626367	1
20	922	54.222247445624	0
20	945	54.917591750795	1
20	946	55.222247445624	0
20	959	55.436515300548	1
20	968	56.222247445624	0
20	1043	58.906436430662	1
20	1044	58.906436430662	0
20	1064	59.409454665013	1
20	1069	59.906436430662	0
20	1097	61.05739889573	1
20	1098	61.05739889573	0
20	1185	65.291797604298	1
20	1186	65.291797604298	0
20	1194	65.386068061204	1
20	1208	66.291797604298	0
20	1223	66.521023487326	1
20	1231	67.291797604298	0
20	1321	71.475182675992	1
20	1322	71.475182675992	0
20	1329	72.008633445876	1
20	1343	72.475182675992	0
20	1358	73.150000227551	1
20	1363	73.475182675992	0
20	1379	74.150000227551	1
20	1391	74.475182675992	0
20	1431	76.268629692909	1
20	1432	76.268629692909	0
20	1467	77.504917638723	1
20	1468	77.504917638723	0
20	1491	78.504917638723	1
20	1492	78.504917638723	0
20	1499	78.655095530353	1
20	1510	79.504917638723	0
20	1512	79.504917638723	1
20	1529	80.504917638723	0
20	1613	86.066934450766	1
20	1614	86.066934450766	0
20	1659	87.777576295491	1
20	1660	87.777576295491	0
20	1699	89.089558757616	1
20	1700	89.089558757616	0
20	1703	89.17076265111	1
20	1721	90.089558757616	0
20	1723	90.089558757616	1
20	1746	91.089558757616	0
20	1781	92.335477072682	1
20	1782	92.335477072682	0
20	1795	92.553087124769	1
20	1807	93.335477072682	0
20	1818	93.553087124769	1
20	1827	94.335477072682	0
20	1893	96.868639395307	1
20	1894	96.868639395307	0
20	1916	97.868639395307	1
20	1917	97.868639395307	0
20	1958	99.376574108848	1
20	1959	99.376574108848	0
20	1967	99.779058405152	1
20	1976	100.376574108848	0
20	2027	103.173149043596	1
20	2028	103.173149043596	0
20	2071	105.026870045865	1
20	2072	105.026870045865	0
20	2108	106.787773114507	1
20	2109	106.787773114507	0
20	2118	106.835193123093	1
20	2135	107.787773114507	0
20	2143	107.835193123093	1
20	2161	108.787773114507	0
20	2177	109.276560018976	1
20	2194	109.787773114507	0
20	2223	110.580645862676	1
20	2227	110.787773114507	0
20	2242	111.294240125725	1
20	2258	111.580645862676	2
20	2259	111.787773114507	1
20	2288	112.580645862676	2
20	2289	112.787773114507	1
20	2318	113.580645862676	2
20	2319	113.787773114507	1
20	2344	114.580645862676	2
20	2345	114.787773114507	1
20	2372	115.580645862676	2
20	2373	115.787773114507	1
20	2402	116.580645862676	2
20	2403	116.787773114507	1
20	2437	117.787773114507	0
20	2449	118.100984435105	1
20	2468	118.787773114507	0
20	2483	119.14197031987	1
20	2486	119.156418236458	2
20	2500	119.787773114507	1
20	2525	120.674134495421	2
20	2526	120.787773114507	1
20	2553	121.674134495421	2
20	2557	121.787773114507	1
20	2579	122.787773114507	0
20	2631	123.894232199603	1
20	2632	123.894232199603	0
20	2654	124.894232199603	1
20	2655	124.894232199603	0
20	2675	125.894232199603	1
20	2676	125.894232199603	0
20	2701	126.894232199603	1
20	2702	126.894232199603	0
20	2756	128.577995953439	1
20	2757	128.577995953439	0
20	2779	129.577995953439	1
20	2780	129.577995953439	0
20	2809	131.198739840474	1
20	2810	131.198739840474	0
20	2822	131.530611958388	1
20	2827	132.198739840474	0
20	2876	134.499756430657	1
20	2877	134.499756430657	0
20	2944	138.926112605428	1
20	2945	138.926112605428	0
20	3011	145.425462083738	1
20	3012	145.425462083738	0
20	3019	145.93598894602	1
20	3020	146.425462083738	0
20	3056	147.752333770484	1
20	3057	147.752333770484	0
20	3075	148.752333770484	1
20	3076	148.752333770484	0
20	3128	151.106963753331	1
20	3129	151.106963753331	0
20	3142	152.106963753331	1
20	3143	152.106963753331	0
20	3194	154.300357987013	1
20	3195	154.300357987013	0
20	3218	155.300357987013	1
20	3219	155.300357987013	0
20	3284	157.773832175479	1
20	3285	157.773832175479	0
20	3303	158.773832175479	1
20	3304	158.773832175479	0
20	3325	159.773832175479	1
20	3326	159.773832175479	0
20	3347	160.773832175479	1
20	3348	160.773832175479	0
20	3414	164.244686093101	1
20	3415	164.244686093101	0
20	3461	166.403589973786	1
20	3462	166.403589973786	0
20	3499	168.203008811883	1
20	3500	168.203008811883	0
20	3519	169.203008811883	1
20	3520	169.203008811883	0
20	3541	170.203008811883	1
20	3542	170.203008811883	0
20	3615	173.176979805937	1
20	3616	173.176979805937	0
20	3625	173.388321465012	1
20	3634	174.176979805937	0
20	3648	174.388321465012	1
20	3653	175.176979805937	0
20	3669	175.861901304627	1
20	3673	176.176979805937	0
20	3774	183.802666472624	1
20	3775	183.802666472624	0
20	3817	186.194245641807	1
20	3818	186.194245641807	0
20	3857	187.610698711778	1
20	3858	187.610698711778	0
20	3878	188.610698711778	1
20	3879	188.610698711778	0
20	3886	188.79319486164	1
20	3908	189.610698711778	0
20	3910	189.610698711778	1
20	3940	190.610698711778	0
20	3942	190.610698711778	1
20	3965	191.610698711778	0
20	3967	191.610698711778	1
20	3985	192.025311133951	2
20	3999	192.610698711778	1
20	4001	192.610698711778	2
20	4023	193.610698711778	1
20	4025	193.610698711778	2
20	4046	194.610698711778	1
20	4048	194.610698711778	2
20	4067	195.610698711778	1
20	4090	196.610698711778	0
20	4130	198.236020495559	1
20	4131	198.236020495559	0
21	112	13.017229484523	1
21	393	24.722707886798	1
21	766	46.773897387529	1
21	790	47.655018253596	1
21	815	48.738126017096	1
21	919	54.133968626367	1
21	943	54.917591750795	1
21	1062	59.409454665013	1
21	1183	65.291797604298	1
21	1327	72.008633445876	1
21	1497	78.655095530353	1
21	1611	86.066934450766	1
21	1701	89.17076265111	1
21	1779	92.335477072682	1
21	1956	99.376574108848	1
21	2106	106.787773114507	1
21	2240	111.294240125725	1
21	2484	119.156418236458	1
21	2807	131.198739840474	1
21	3017	145.93598894602	1
21	3613	173.176979805937	1
21	3667	175.861901304627	1
21	3884	188.79319486164	1
21	3983	192.025311133951	1
22	120	13.152748379419	1
22	207	17.729926349967	1
22	292	21.222030413078	1
22	509	28.534317971235	1
22	721	42.820563482617	1
22	904	53.436315300548	1
22	1147	63.385868061204	1
22	1172	64.520823487326	1
22	1306	71.149800227551	1
22	1384	74.268429692909	1
22	1739	90.552887124769	1
22	1743	90.827169219661	1
22	1838	94.868439395307	1
22	1858	95.621885152399	1
22	2016	103.026670045865	1
22	2073	105.071233778736	1
22	2178	109.466824845674	1
22	2224	110.678717038697	1
22	2247	111.497404907244	1
22	2477	118.973910287291	1
22	2693	126.577795953439	1
22	2715	127.285039380602	1
22	3148	152.300157987013	1
22	3467	167.169818366025	1
22	3488	167.860370524953	1
22	3801	185.642502080664	1
22	3891	189.19290294346	1
22	3895	189.225848726906	1
22	3927	190.33423927052	1
22	4079	196.235820495559	1
23	128	13.660817351191	1
23	249	19.536847321493	1
23	257	20.052644809749	1
23	345	22.933690783447	1
23	617	35.446104427518	1
23	686	39.938068636265	1
23	744	44.270574853652	1
23	887	52.222147445624	1
23	1348	72.483090791534	1
23	1441	76.504817638723	1
23	1449	77.236746219149	1
23	1469	77.671553252414	1
23	2004	102.173049043596	1
23	2148	108.276460018976	1
23	2358	115.114508537471	1
23	2668	125.660955870379	1
23	2857	133.499656430657	1
23	2926	137.926012605428	1
23	3000	144.425362083738	1
23	3029	146.752233770484	1
23	3050	147.648631127662	1
23	3102	150.106863753331	1
23	3122	150.991584208308	1
23	3179	153.67049085034	1
23	3270	157.414681480638	1
23	3394	163.244586093101	1
23	3436	165.403489973786	1
23	3763	182.802566472624	1
23	3793	185.194145641807	1
23	3826	186.610598711778	1
23	3834	186.752785923347	1
23	3863	188.014551687241	1

